county,state,fips,cases,deaths
Wright,Missouri,29229,91,0
Worth,Missouri,29227,12,0
Washington,Missouri,29221,239,1
Webster,Missouri,29225,224,1
Wayne,Missouri,29223,87,0
Stoddard,Missouri,29207,296,9
Shelby,Missouri,29205,46,0
Stone,Missouri,29209,281,2
Shannon,Missouri,29203,53,1
Scott,Missouri,29201,632,14
Warren,Missouri,29219,340,0
Vernon,Missouri,29217,83,0
Sullivan,Missouri,29211,174,0
Texas,Missouri,29215,101,1
Taney,Missouri,29213,914,14
Franklin,Kansas,20059,264,3
Ford,Kansas,20057,2333,10
Floyd,Iowa,19067,219,3
Finney,Kansas,20055,1888,12
Franklin,Iowa,19069,297,17
Ellsworth,Kansas,20053,25,0
Emmet,Iowa,19063,221,8
Fayette,Iowa,19065,143,1
Dubuque,Iowa,19061,2049,36
Montgomery,Virginia,51121,532,4
Nelson,Virginia,51125,86,0
Ellis,Kansas,20051,417,1
New Kent,Virginia,51127,151,1
Gray,Kansas,20069,90,0
Grant,Kansas,20067,160,3
Guthrie,Iowa,19077,173,5
Graham,Kansas,20065,25,1
Hamilton,Iowa,19079,282,2
Washoe,Nevada,32031,7326,139
Greene,Iowa,19073,58,0
Grundy,Iowa,19075,132,1
Fremont,Iowa,19071,59,0
Northampton,Virginia,51131,304,29
Northumberland,Virginia,51133,90,5
Nottoway,Virginia,51135,201,14
White Pine,Nevada,32033,25,1
Orange,Virginia,51137,264,4
Gove,Kansas,20063,11,0
Page,Virginia,51139,361,25
Geary,Kansas,20061,295,2
Dallas,Iowa,19049,2386,38
Newport,Rhode Island,44005,434,6
Crawford,Kansas,20037,599,1
Providence,Rhode Island,44007,16668,836
Cowley,Kansas,20035,255,3
Bristol,Rhode Island,44001,349,16
Clinton,Iowa,19045,853,10
Comanche,Kansas,20033,9,0
Kent,Rhode Island,44003,1664,103
Crawford,Iowa,19047,836,3
Coffey,Kansas,20031,81,8
Clay,Iowa,19041,236,3
Clayton,Iowa,19043,183,3
Washington,Rhode Island,44009,694,66
Decatur,Kansas,20039,7,0
Pershing,Nevada,32027,21,0
Patrick,Virginia,51141,229,11
Nye,Nevada,32023,477,14
Pittsylvania,Virginia,51143,780,4
Mineral,Nevada,32021,12,0
Powhatan,Virginia,51145,190,4
Prince Edward,Virginia,51147,493,12
Prince George,Virginia,51149,560,2
Storey,Nevada,32029,7,0
Elk,Kansas,20049,1,0
Dickinson,Iowa,19059,424,6
Edwards,Kansas,20047,24,0
Douglas,Kansas,20045,1420,8
Delaware,Iowa,19055,226,3
Doniphan,Kansas,20043,65,0
Des Moines,Iowa,19057,576,5
Davis,Iowa,19051,84,2
Decatur,Iowa,19053,46,0
Lincoln,Nevada,32017,6,0
Prince William,Virginia,51153,10904,185
Lander,Nevada,32015,61,1
Pulaski,Virginia,51155,137,3
Humboldt,Nevada,32013,111,4
Rappahannock,Virginia,51157,53,2
Eureka,Nevada,32011,6,0
Richmond,Virginia,51159,328,4
Dickinson,Kansas,20041,75,1
Lyon,Nevada,32019,332,6
Carroll,Iowa,19027,428,3
Butler,Kansas,20015,474,2
Cass,Iowa,19029,112,2
Brown,Kansas,20013,68,0
Butler,Iowa,19023,211,2
Bourbon,Kansas,20011,92,2
Calhoun,Iowa,19025,130,2
Buena Vista,Iowa,19021,1827,12
Chautauqua,Kansas,20019,9,0
Chase,Kansas,20017,76,1
Douglas,Nevada,32005,252,1
Roanoke,Virginia,51161,611,4
Clark,Nevada,32003,59716,1134
Rockbridge,Virginia,51163,86,1
Churchill,Nevada,32001,113,1
Rockingham,Virginia,51165,1069,20
Russell,Virginia,51167,188,4
Scott,Virginia,51169,156,4
Esmeralda,Nevada,32009,0,0
Elko,Nevada,32007,813,4
Clay,Kansas,20027,33,2
Chickasaw,Iowa,19037,112,0
Clark,Kansas,20025,47,1
Clarke,Iowa,19039,240,3
Cheyenne,Kansas,20023,7,0
Cerro Gordo,Iowa,19033,839,20
Cherokee,Kansas,20021,261,2
Cherokee,Iowa,19035,140,2
Cedar,Iowa,19031,155,1
Shenandoah,Virginia,51171,773,48
Cloud,Kansas,20029,59,1
Smyth,Virginia,51173,281,5
Southampton,Virginia,51175,359,13
Spotsylvania,Virginia,51177,1824,38
Stafford,Virginia,51179,1717,10
Allamakee,Iowa,19005,183,5
Appanoose,Iowa,19007,85,3
Adair,Iowa,19001,49,1
Adams,Iowa,19003,22,0
Surry,Virginia,51181,71,3
Sussex,Virginia,51183,342,9
Tazewell,Virginia,51185,196,2
Warren,Virginia,51187,391,6
Audubon,Iowa,19009,38,1
Atchison,Kansas,20005,219,1
Boone,Iowa,19015,348,4
Anderson,Kansas,20003,35,0
Bremer,Iowa,19017,338,7
Allen,Kansas,20001,28,0
Benton,Iowa,19011,205,1
Black Hawk,Iowa,19013,3830,76
Washington,Virginia,51191,375,9
Barton,Kansas,20009,278,5
Westmoreland,Virginia,51193,224,3
Barber,Kansas,20007,6,0
Wise,Virginia,51195,332,5
Wythe,Virginia,51197,164,3
York,Virginia,51199,467,6
Buchanan,Iowa,19019,176,1
Navarro,Texas,48349,1350,26
Carter,Tennessee,47019,845,18
Carroll,Tennessee,47017,643,8
Nacogdoches,Texas,48347,1354,49
Cannon,Tennessee,47015,202,0
Motley,Texas,48345,6,0
Mora,New Mexico,35033,6,0
McKinley,New Mexico,35031,4213,243
Rio Arriba,New Mexico,35039,358,13
Haines Borough,Alaska,02100,10,0
Quay,New Mexico,35037,62,2
Otero,New Mexico,35035,1124,12
Campbell,Tennessee,47013,328,3
Morris,Texas,48343,158,3
Bradley,Tennessee,47011,2501,16
Moore,Texas,48341,1122,18
Blount,Tennessee,47009,2021,17
Montgomery,Texas,48339,8800,125
Bledsoe,Tennessee,47007,777,4
Benton,Tennessee,47005,260,6
Montague,Texas,48337,129,3
Bedford,Tennessee,47003,1127,14
Mitchell,Texas,48335,73,1
Hidalgo,New Mexico,35023,98,2
Harding,New Mexico,35021,2,0
Luna,New Mexico,35029,316,5
Los Alamos,New Mexico,35028,27,0
Lincoln,New Mexico,35027,171,2
Lea,New Mexico,35025,1136,15
Anderson,Tennessee,47001,879,8
Mills,Texas,48333,35,0
Milam,Texas,48331,430,5
Midland,Texas,48329,3272,69
Menard,Texas,48327,20,0
Medina,Texas,48325,1121,36
Maverick,Texas,48323,3293,82
Sagadahoc,Maine,23023,61,0
De Baca,New Mexico,35011,0,0
Somerset,Maine,23025,54,1
Waldo,Maine,23027,69,14
Washington,Maine,23029,15,0
Guadalupe,New Mexico,35019,32,1
Grant,New Mexico,35017,83,2
Kenai Peninsula Borough,Alaska,02122,569,1
Eddy,New Mexico,35015,500,5
Piscataquis,Maine,23021,8,0
Doña Ana,New Mexico,35013,2870,43
Matagorda,Texas,48321,913,38
Mason,Texas,48319,73,1
Martin,Texas,48317,73,5
Marion,Texas,48315,140,10
Madison,Texas,48313,690,5
Bernalillo,New Mexico,35001,5838,158
Curry,New Mexico,35009,675,5
Colfax,New Mexico,35007,19,1
Cibola,New Mexico,35006,727,20
Chaves,New Mexico,35005,731,6
York,Maine,23031,841,15
Juneau City and Borough,Alaska,02110,260,0
Catron,New Mexico,35003,5,1
McMullen,Texas,48311,15,0
Hancock,Maine,23009,47,1
McCulloch,Texas,48307,109,1
Lynn,Texas,48305,81,4
Lubbock,Texas,48303,7754,101
Loving,Texas,48301,0,0
Androscoggin,Maine,23001,615,10
Aroostook,Maine,23003,38,1
Cumberland,Maine,23005,2196,70
Franklin,Maine,23007,52,1
McLennan,Texas,48309,6454,87
Knox,Maine,23013,29,1
Lincoln,Maine,23015,36,1
Oxford,Maine,23017,65,0
Penobscot,Maine,23019,230,6
Kennebec,Maine,23011,192,11
King William,Virginia,51101,115,2
District of Columbia,District of Columbia,11001,14049,607
Lancaster,Virginia,51103,72,0
Lee,Virginia,51105,210,3
Loudoun,Virginia,51107,6008,118
Louisa,Virginia,51109,251,2
Lunenburg,Virginia,51111,97,2
Madison,Virginia,51113,91,2
Mathews,Virginia,51115,23,0
Mecklenburg,Virginia,51117,529,33
Middlesex,Virginia,51119,55,1
Winnebago,Illinois,17201,4278,151
Woodford,Illinois,17203,281,4
Van Buren,Michigan,26159,637,16
Sanilac,Michigan,26151,126,7
Knox,Tennessee,47093,6876,59
Schoolcraft,Michigan,26153,15,0
Johnson,Tennessee,47091,416,1
Shiawassee,Michigan,26155,435,30
Northwest Arctic Borough,Alaska,02188,66,0
Tuscola,Michigan,26157,455,29
North Slope Borough,Alaska,02185,43,0
Lawrence,Tennessee,47099,768,9
Nome Census Area,Alaska,02180,45,0
Lauderdale,Tennessee,47097,722,12
Lake,Tennessee,47095,840,2
Hickman,Tennessee,47081,379,4
Washtenaw,Michigan,26161,3448,124
Wayne,Michigan,26163,31382,2891
Matanuska-Susitna Borough,Alaska,02170,486,2
Wexford,Michigan,26165,109,4
Jefferson,Tennessee,47089,817,6
Jackson,Tennessee,47087,220,1
Humphreys,Tennessee,47085,172,3
Houston,Tennessee,47083,96,0
Otsego,Michigan,26137,157,11
Ottawa,Michigan,26139,2245,63
Hardin,Tennessee,47071,713,10
Ontonagon,Michigan,26131,35,0
Osceola,Michigan,26133,79,0
Oscoda,Michigan,26135,29,1
Henry,Tennessee,47079,463,6
Henderson,Tennessee,47077,883,8
Haywood,Tennessee,47075,747,11
Hawkins,Tennessee,47073,673,13
Hardeman,Tennessee,47069,1241,22
St. Clair,Michigan,26147,934,53
St. Joseph,Michigan,26149,685,11
Petersburg Borough,Alaska,02195,11,0
Refugio,Texas,48391,268,10
Presque Isle,Michigan,26141,21,1
Roscommon,Michigan,26143,76,4
Prince of Wales-Hyder Census Area,Alaska,02198,25,0
Saginaw,Michigan,26145,2543,132
Runnels,Texas,48399,200,3
Hancock,Tennessee,47067,92,2
Hamilton,Tennessee,47065,8136,77
Rockwall,Texas,48397,1360,26
Hamblen,Tennessee,47063,1665,22
Robertson,Texas,48395,251,5
Grundy,Tennessee,47061,152,3
Roberts,Texas,48393,8,0
Ward,North Dakota,38101,509,1
Greene,Tennessee,47059,844,16
Wells,North Dakota,38103,28,0
Reeves,Texas,48389,173,5
Monroe,Michigan,26115,1325,27
Montcalm,Michigan,26117,232,4
Montmorency,Michigan,26119,12,0
Midland,Michigan,26111,425,11
Missaukee,Michigan,26113,47,1
Williams,North Dakota,38105,440,2
Grainger,Tennessee,47057,278,1
Red River,Texas,48387,145,14
Giles,Tennessee,47055,448,14
Real,Texas,48385,105,5
Gibson,Tennessee,47053,1138,16
Reagan,Texas,48383,84,6
Franklin,Tennessee,47051,517,4
Randall,Texas,48381,2236,34
Fentress,Tennessee,47049,230,0
Fayette,Tennessee,47047,888,10
Rains,Texas,48379,60,3
Oakland,Michigan,26125,18168,1165
Oceana,Michigan,26127,501,6
Ogemaw,Michigan,26129,58,5
Valencia,New Mexico,35061,543,4
Muskegon,Michigan,26121,1958,68
Ketchikan Gateway Borough,Alaska,02130,63,0
Newaygo,Michigan,26123,300,1
Dyer,Tennessee,47045,975,10
Presidio,Texas,48377,52,5
Dickson,Tennessee,47043,920,9
Potter,Texas,48375,4098,52
DeKalb,Tennessee,47041,474,6
Polk,Texas,48373,851,18
Pecos,Texas,48371,299,4
Decatur,Tennessee,47039,305,4
Parmer,Texas,48369,386,7
Davidson,Tennessee,47037,26019,259
Parker,Texas,48367,1666,25
Taos,New Mexico,35055,115,3
Socorro,New Mexico,35053,77,6
Sierra,New Mexico,35051,38,1
Union,New Mexico,35059,32,2
Torrance,New Mexico,35057,107,1
Cumberland,Tennessee,47035,831,8
Panola,Texas,48365,318,21
Palo Pinto,Texas,48363,430,11
Crockett,Tennessee,47033,408,14
Orange,Texas,48361,1782,35
Coffee,Tennessee,47031,772,6
Cocke,Tennessee,47029,644,7
Oldham,Texas,48359,15,1
Clay,Tennessee,47027,116,2
Claiborne,Tennessee,47025,368,3
Ochiltree,Texas,48357,110,3
San Juan,New Mexico,35045,3194,191
Marquette,Michigan,26103,248,11
Kusilvak Census Area,Alaska,02158,8,0
Sandoval,New Mexico,35043,1254,37
Mason,Michigan,26105,121,0
Roosevelt,New Mexico,35041,201,2
Mecosta,Michigan,26107,92,2
Menominee,Michigan,26109,253,0
Kodiak Island Borough,Alaska,02150,58,0
Santa Fe,New Mexico,35049,824,4
San Miguel,New Mexico,35047,82,0
Manistee,Michigan,26101,67,1
Chester,Tennessee,47023,383,6
Nueces,Texas,48355,18992,363
Cheatham,Tennessee,47021,716,10
Nolan,Texas,48353,153,4
Newton,Texas,48351,163,6
Josephine,Oregon,41033,158,2
Power,Idaho,16077,148,0
Johnson,Iowa,19103,4051,26
Payette,Idaho,16075,690,4
Jefferson,Oregon,41031,461,7
Jones,Iowa,19105,175,2
Lake,Oregon,41037,30,0
Klamath,Oregon,41035,235,2
Shoshone,Idaho,16079,197,15
Jefferson,Iowa,19101,120,0
Lane,Oregon,41039,726,6
Owyhee,Idaho,16073,305,5
Oneida,Idaho,16071,22,0
Issaquena,Mississippi,28055,98,3
Garfield,Washington,53023,4,0
Humphreys,Mississippi,28053,338,15
Franklin,Washington,53021,4101,59
Jackson,Mississippi,28059,3052,60
Grays Harbor,Washington,53027,243,6
Itawamba,Mississippi,28057,581,17
Grant,Washington,53025,2371,14
Island,Washington,53029,275,15
Holmes,Mississippi,28051,1045,54
Keokuk,Iowa,19107,66,1
Kossuth,Iowa,19109,122,0
Louisa,Iowa,19115,397,14
Leavenworth,Kansas,20103,1777,9
Washington,Idaho,16087,284,4
Gilliam,Oregon,41021,4,0
Lucas,Iowa,19117,97,5
Valley,Idaho,16085,84,1
Lane,Kansas,20101,7,0
Lee,Iowa,19111,440,5
Harney,Oregon,41025,12,0
Linn,Iowa,19113,2993,94
Grant,Oregon,41023,8,0
Jackson,Oregon,41029,821,2
Hood River,Oregon,41027,236,0
Logan,Kansas,20109,3,0
Twin Falls,Idaho,16083,1691,35
Linn,Kansas,20107,58,0
Teton,Idaho,16081,129,0
Lincoln,Kansas,20105,8,0
King,Washington,53033,19730,747
Jones,Mississippi,28067,2169,73
Jefferson,Washington,53031,70,0
Jefferson Davis,Mississippi,28065,305,9
Kittitas,Washington,53037,452,21
Kitsap,Washington,53035,1007,10
Kemper,Mississippi,28069,273,15
Klickitat,Washington,53039,177,3
Lyon,Iowa,19119,152,2
Jefferson,Mississippi,28063,221,9
Jasper,Mississippi,28061,484,13
Kootenai,Idaho,16055,2200,30
Coos,Oregon,41011,116,0
Jerome,Idaho,16053,607,6
Curry,Oregon,41015,20,0
Lemhi,Idaho,16059,71,0
Latah,Idaho,16057,245,0
Crook,Oregon,41013,55,1
Douglas,Oregon,41019,178,3
Deschutes,Oregon,41017,693,11
George,Mississippi,28039,687,13
Jefferson,Idaho,16051,362,1
Lewis,Washington,53041,344,4
DeSoto,Mississippi,28033,4671,45
Mason,Washington,53045,320,1
Covington,Mississippi,28031,719,17
Lincoln,Washington,53043,31,1
Franklin,Mississippi,28037,176,3
Pacific,Washington,53049,60,3
Forrest,Mississippi,28035,2140,63
Okanogan,Washington,53047,997,9
Madison,Idaho,16065,256,0
Lincoln,Idaho,16063,68,0
Benton,Oregon,41003,217,6
Nez Perce,Idaho,16069,301,19
Minidoka,Idaho,16067,562,2
Baker,Oregon,41001,74,2
Clatsop,Oregon,41007,96,0
Clackamas,Oregon,41005,1979,57
Pend Oreille,Washington,53051,54,0
Lewis,Idaho,16061,9,0
Columbia,Oregon,41009,130,1
San Juan,Washington,53055,30,0
Hancock,Mississippi,28045,501,20
Pierce,Washington,53053,7556,187
Grenada,Mississippi,28043,952,32
Skamania,Washington,53059,59,1
Hinds,Mississippi,28049,6547,140
Skagit,Washington,53057,1023,24
Harrison,Mississippi,28047,3336,57
Greene,Mississippi,28041,298,14
Clark,Idaho,16033,21,0
Cassia,Idaho,16031,584,4
Custer,Idaho,16037,37,0
Clearwater,Idaho,16035,21,0
Choctaw,Mississippi,28019,158,4
Chickasaw,Mississippi,28017,598,22
Spokane,Washington,53063,5396,139
Snohomish,Washington,53061,7113,219
Bolivar,Mississippi,28011,1512,51
Thurston,Washington,53067,1007,16
Stevens,Washington,53065,126,1
Carroll,Mississippi,28015,292,12
Calhoun,Mississippi,28013,476,10
Wahkiakum,Washington,53069,6,0
Elmore,Idaho,16039,288,3
Fremont,Idaho,16043,117,2
Franklin,Idaho,16041,61,0
Gooding,Idaho,16047,234,0
Gem,Idaho,16045,212,2
Copiah,Mississippi,28029,1100,31
Whatcom,Washington,53073,1116,50
Walla Walla,Washington,53071,771,6
Yakima,Washington,53077,11689,257
Clarke,Mississippi,28023,468,30
Whitman,Washington,53075,559,0
Claiborne,Mississippi,28021,440,16
Coahoma,Mississippi,28027,987,19
Clay,Mississippi,28025,481,16
Idaho,Idaho,16049,43,0
Bingham,Idaho,16011,505,6
Boise,Idaho,16015,62,1
Blaine,Idaho,16013,606,6
Bonneville,Idaho,16019,1852,12
Bonner,Idaho,16017,223,0
Boundary,Idaho,16021,44,1
Camas,Idaho,16025,4,0
Butte,Idaho,16023,22,0
Benton,Mississippi,28009,194,1
Attala,Mississippi,28007,585,25
Adams,Mississippi,28001,791,32
Amite,Mississippi,28005,278,7
Alcorn,Mississippi,28003,641,6
Caribou,Idaho,16029,45,0
Canyon,Idaho,16027,7261,80
Zapata,Texas,48505,281,4
Sheridan,Kansas,20179,8,0
Young,Texas,48503,227,6
Shawnee,Kansas,20177,2199,22
Webster,Iowa,19187,1038,9
Yoakum,Texas,48501,149,4
Seward,Kansas,20175,1377,4
Winnebago,Iowa,19189,164,9
Washington,Iowa,19183,346,11
Wayne,Iowa,19185,52,2
Warren,Iowa,19181,784,5
Zavala,Texas,48507,287,10
Sedgwick,Kansas,20173,7306,50
Scott,Kansas,20171,97,1
Stevens,Kansas,20189,70,0
Stanton,Kansas,20187,43,2
Stafford,Kansas,20185,38,1
Worth,Iowa,19195,80,0
Wright,Iowa,19197,520,1
Winneshiek,Iowa,19191,224,4
Woodbury,Iowa,19193,4152,56
Smith,Kansas,20183,4,0
Sherman,Kansas,20181,18,0
Rice,Kansas,20159,44,1
Story,Iowa,19169,2534,16
Republic,Kansas,20157,38,0
Reno,Kansas,20155,775,1
Shelby,Iowa,19165,217,1
Rawlins,Kansas,20153,1,0
Sioux,Iowa,19167,908,3
Sac,Iowa,19161,119,0
Baltimore city,Maryland,24510,14555,461
Scott,Iowa,19163,2249,21
Pratt,Kansas,20151,49,0
Saline,Kansas,20169,476,9
Russell,Kansas,20167,27,0
Van Buren,Iowa,19177,101,1
Rush,Kansas,20165,20,0
Wapello,Iowa,19179,1089,51
Rooks,Kansas,20163,29,0
Taylor,Iowa,19173,113,1
Union,Iowa,19175,93,3
Tama,Iowa,19171,623,29
Riley,Kansas,20161,934,5
Norton,Kansas,20137,23,0
Palo Alto,Iowa,19147,119,0
Ness,Kansas,20135,26,0
Plymouth,Iowa,19149,746,18
Neosho,Kansas,20133,88,0
Osceola,Iowa,19143,99,0
Nemaha,Kansas,20131,56,1
Page,Iowa,19145,113,0
O'Brien,Iowa,19141,204,7
Osage,Kansas,20139,66,0
Neshoba,Mississippi,28099,1435,100
Montgomery,Mississippi,28097,412,17
Marion,Mississippi,28091,783,26
Monroe,Mississippi,28095,1046,59
Yamhill,Oregon,41071,642,14
Marshall,Mississippi,28093,956,13
Ringgold,Iowa,19159,31,1
Wasco,Oregon,41065,207,3
Phillips,Kansas,20147,56,8
Wallowa,Oregon,41063,22,1
Pawnee,Kansas,20145,187,0
Pottawattamie,Iowa,19155,1648,34
Ottawa,Kansas,20143,43,0
Wheeler,Oregon,41069,0,0
Poweshiek,Iowa,19157,184,8
Washington,Oregon,41067,3822,46
Osborne,Kansas,20141,4,0
Pocahontas,Iowa,19151,131,2
Polk,Iowa,19153,13465,226
Pottawatomie,Kansas,20149,156,0
Union,Oregon,41061,420,2
Marion,Kansas,20115,68,1
Sherman,Oregon,41055,17,0
Marion,Iowa,19125,490,1
Polk,Oregon,41053,429,13
McPherson,Kansas,20113,203,1
Marshall,Iowa,19127,1656,32
Umatilla,Oregon,41059,2706,38
Lyon,Kansas,20111,878,17
Madison,Iowa,19121,165,2
Tillamook,Oregon,41057,38,0
Mahaska,Iowa,19123,223,18
Meade,Kansas,20119,77,0
Marshall,Kansas,20117,17,0
Lawrence,Mississippi,28077,404,10
Adams,Washington,53001,635,7
Lauderdale,Mississippi,28075,1782,108
Benton,Washington,53005,4338,125
Leake,Mississippi,28079,883,31
Asotin,Washington,53003,52,2
Clallam,Washington,53009,209,1
Chelan,Washington,53007,1760,14
Multnomah,Oregon,41051,6053,122
Lamar,Mississippi,28073,1440,30
Mills,Iowa,19129,131,1
Lafayette,Mississippi,28071,1470,36
Montgomery,Iowa,19137,82,5
Linn,Oregon,41043,389,13
Montgomery,Kansas,20125,257,5
Muscatine,Iowa,19139,973,52
Mitchell,Kansas,20123,32,0
Lincoln,Oregon,41041,466,13
Monona,Iowa,19133,107,1
Marion,Oregon,41047,3870,80
Miami,Kansas,20121,211,0
Monroe,Iowa,19135,112,8
Malheur,Oregon,41045,1189,19
Mitchell,Iowa,19131,114,0
Morrow,Oregon,41049,439,3
Morton,Kansas,20129,10,2
Morris,Kansas,20127,21,0
Clark,Washington,53011,2633,58
Madison,Mississippi,28089,2994,83
Lowndes,Mississippi,28087,1294,55
Cowlitz,Washington,53015,545,6
Columbia,Washington,53013,13,1
Ferry,Washington,53019,25,0
Lee,Mississippi,28081,2211,58
Douglas,Washington,53017,1162,9
Lincoln,Mississippi,28085,974,51
Leflore,Mississippi,28083,1244,75
Polk,Tennessee,47139,331,10
Victoria,Texas,48469,3802,77
Pickett,Tennessee,47137,67,1
Van Zandt,Texas,48467,520,18
Perry,Tennessee,47135,112,0
Sitka City and Borough,Alaska,02220,51,0
Overton,Tennessee,47133,439,2
Val Verde,Texas,48465,1977,91
Uvalde,Texas,48463,704,18
Obion,Tennessee,47131,830,8
Upton,Texas,48461,19,2
Upshur,Texas,48459,328,6
Morgan,Tennessee,47129,214,2
Tyler,Texas,48457,185,3
Moore,Tennessee,47127,94,0
Montgomery,Tennessee,47125,2494,30
Trinity,Texas,48455,178,6
Travis,Texas,48453,26563,385
Monroe,Tennessee,47123,759,15
Tom Green,Texas,48451,3250,53
Meigs,Tennessee,47121,163,2
Maury,Tennessee,47119,1778,15
Marshall,Tennessee,47117,549,4
Titus,Texas,48449,1454,25
Marion,Tennessee,47115,328,7
Throckmorton,Texas,48447,5,2
Madison,Tennessee,47113,1839,44
Terry,Texas,48445,203,3
Southeast Fairbanks Census Area,Alaska,02240,32,0
Macon,Tennessee,47111,907,15
Terrell,Texas,48443,3,0
Taylor,Texas,48441,2518,35
Tarrant,Texas,48439,41860,614
McNairy,Tennessee,47109,555,12
McMinn,Tennessee,47107,803,23
Swisher,Texas,48437,94,3
Loudon,Tennessee,47105,963,3
Sutton,Texas,48435,76,2
Lincoln,Tennessee,47103,411,1
Stonewall,Texas,48433,10,1
Skagway Municipality,Alaska,02230,0,0
Lewis,Tennessee,47101,133,1
Sterling,Texas,48431,3,0
Stephens,Texas,48429,113,3
Starr,Texas,48427,3162,135
Somervell,Texas,48425,119,4
Labette,Kansas,20099,186,1
Smith,Texas,48423,3829,63
Kiowa,Kansas,20097,9,0
Sherman,Texas,48421,53,0
Kingman,Kansas,20095,43,0
Kearny,Kansas,20093,73,1
Johnson,Kansas,20091,8240,117
Shackelford,Texas,48417,24,0
Scurry,Texas,48415,546,2
Schleicher,Texas,48413,38,2
San Saba,Texas,48411,38,0
Shelby,Texas,48419,438,19
San Jacinto,Texas,48407,202,8
San Augustine,Texas,48405,213,12
Harvey,Kansas,20079,292,5
Howard,Iowa,19089,136,2
Sabine,Texas,48403,73,8
Harper,Kansas,20077,112,0
Rusk,Texas,48401,713,5
Hamilton,Kansas,20075,44,0
Harrison,Iowa,19085,148,2
Henry,Iowa,19087,294,4
Hancock,Iowa,19081,156,2
San Patricio,Texas,48409,1286,60
Hardin,Iowa,19083,231,1
Greenwood,Kansas,20073,28,0
Greeley,Kansas,20071,4,0
Jewell,Kansas,20089,14,1
Jasper,Iowa,19099,588,30
Jefferson,Kansas,20087,122,0
Iowa,Iowa,19095,116,1
Jackson,Iowa,19097,215,1
Humboldt,Iowa,19091,152,2
Ida,Iowa,19093,44,0
Jackson,Kansas,20085,208,1
Hodgeman,Kansas,20083,14,0
Haskell,Kansas,20081,59,0
Graham,Arizona,04009,717,22
Coconino,Arizona,04005,3334,126
Gila,Arizona,04007,1113,47
Apache,Arizona,04001,3341,154
Cochise,Arizona,04003,1829,63
Adams,Idaho,16003,25,0
Ada,Idaho,16001,11297,127
Bear Lake,Idaho,16007,40,0
Bannock,Idaho,16005,752,2
Yukon-Koyukuk Census Area,Alaska,02290,73,1
Benewah,Idaho,16009,116,2
Yuma,Arizona,04027,12257,321
Santa Cruz,Arizona,04023,2760,57
Yavapai,Arizona,04025,2321,77
Pinal,Arizona,04021,9616,186
Pima,Arizona,04019,21286,576
Mohave,Arizona,04015,3639,206
Navajo,Arizona,04017,5602,220
Greenlee,Arizona,04011,58,2
La Paz,Arizona,04012,498,15
Wayne,Tennessee,47181,1439,3
Maricopa,Arizona,04013,134004,2976
Wilson,Tennessee,47189,2870,31
Williamson,Tennessee,47187,4422,30
White,Tennessee,47185,566,7
Weakley,Tennessee,47183,854,13
Washington,Tennessee,47179,1771,13
Valdez-Cordova Census Area,Alaska,02261,121,0
Warren,Tennessee,47177,860,7
Van Buren,Tennessee,47175,80,0
Union,Tennessee,47173,227,1
Unicoi,Tennessee,47171,228,1
Trousdale,Tennessee,47169,1618,6
Wood,Texas,48499,407,15
Tipton,Tennessee,47167,1470,15
Wise,Texas,48497,661,12
Sumner,Tennessee,47165,4117,87
Winkler,Texas,48495,95,1
Sullivan,Tennessee,47163,1663,25
Wilson,Texas,48493,540,25
Williamson,Texas,48491,8158,124
Stewart,Tennessee,47161,99,0
Smith,Tennessee,47159,516,8
Shelby,Tennessee,47157,27697,387
Willacy,Texas,48489,866,42
Sevier,Tennessee,47155,2246,12
Wilbarger,Texas,48487,103,2
Wichita,Texas,48485,1347,14
Sequatchie,Tennessee,47153,144,1
Scott,Tennessee,47151,156,2
Wheeler,Texas,48483,42,0
Wharton,Texas,48481,1198,43
Rutherford,Tennessee,47149,7868,70
Webb,Texas,48479,11094,244
Robertson,Tennessee,47147,1892,26
Washington,Texas,48477,565,45
Wrangell City and Borough,Alaska,02275,17,0
Roane,Tennessee,47145,659,2
Ward,Texas,48475,109,1
Waller,Texas,48473,674,8
Rhea,Tennessee,47143,661,5
Putnam,Tennessee,47141,2387,30
Walker,Texas,48471,3651,48
Webster,Mississippi,28155,306,13
Wayne,Mississippi,28153,849,21
Winston,Mississippi,28159,696,19
Wilkinson,Mississippi,28157,277,17
Washington,Mississippi,28151,2007,62
Wichita,Kansas,20203,4,0
Washington,Kansas,20201,9,0
Wyandotte,Kansas,20209,6108,114
Woodson,Kansas,20207,12,0
Wilson,Kansas,20205,23,0
Yazoo,Mississippi,28163,958,21
Yalobusha,Mississippi,28161,374,13
Hyde,North Carolina,37095,96,0
Iredell,North Carolina,37097,2376,24
Jackson,North Carolina,37099,492,7
Tippah,Mississippi,28139,551,15
Hertford,North Carolina,37091,556,16
Hoke,North Carolina,37093,880,12
Sunflower,Mississippi,28133,1266,39
Stone,Mississippi,28131,321,10
Tate,Mississippi,28137,859,32
Tallahatchie,Mississippi,28135,636,13
Harnett,North Carolina,37085,1665,46
Haywood,North Carolina,37087,512,25
Henderson,North Carolina,37089,1695,60
Warren,Mississippi,28149,1314,46
Guilford,North Carolina,37081,6967,170
Halifax,North Carolina,37083,874,11
Tunica,Mississippi,28143,451,12
Tishomingo,Mississippi,28141,561,29
Walthall,Mississippi,28147,564,24
Union,Mississippi,28145,887,23
Gates,North Carolina,37073,87,3
Graham,North Carolina,37075,58,0
Granville,North Carolina,37077,1546,45
Greene,North Carolina,37079,420,4
Quitman,Mississippi,28119,327,4
Prentiss,Mississippi,28117,639,14
Gaston,North Carolina,37071,4126,63
Wasatch,Utah,49051,640,7
Perry,Mississippi,28111,294,9
Pontotoc,Mississippi,28115,1071,13
Pike,Mississippi,28113,1137,45
Weber,Utah,49057,3311,29
Wayne,Utah,49055,2,0
Washington,Utah,49053,2822,22
Durham,North Carolina,37063,6978,84
Edgecombe,North Carolina,37065,968,20
Forsyth,North Carolina,37067,6220,76
Utah,Utah,49049,11064,47
Franklin,North Carolina,37069,1063,29
Smith,Mississippi,28129,474,13
Simpson,Mississippi,28127,938,39
Duplin,North Carolina,37061,2085,52
Rankin,Mississippi,28121,2857,63
Sharkey,Mississippi,28125,251,8
Scott,Mississippi,28123,1099,22
Uintah,Utah,49047,101,0
Tooele,Utah,49045,697,0
Summit,Utah,49043,852,1
Sevier,Utah,49041,92,1
Windham,Connecticut,09015,807,15
Tolland,Connecticut,09013,1147,65
New London,Connecticut,09011,1587,107
Avoyelles,Louisiana,22009,1294,45
Acadia,Louisiana,22001,2817,93
Allen,Louisiana,22003,1441,40
Ascension,Louisiana,22005,3377,92
New Haven,Connecticut,09009,13711,1109
Assumption,Louisiana,22007,669,22
Middlesex,Connecticut,09007,1466,192
Litchfield,Connecticut,09005,1713,138
Hartford,Connecticut,09003,13529,1425
Fairfield,Connecticut,09001,18939,1415
Kent,Delaware,10001,2639,110
New Castle,Delaware,10003,8250,300
Sussex,Delaware,10005,6357,195
Appling,Georgia,13001,892,23
Calhoun,Alabama,01015,2619,38
Butler,Alabama,01013,871,37
Cherokee,Alabama,01019,417,12
Chambers,Alabama,01017,1041,40
Bullock,Alabama,01011,559,14
Bacon,Georgia,13005,523,9
Atkinson,Georgia,13003,408,3
Baldwin,Georgia,13009,1705,52
Baker,Georgia,13007,71,3
Blount,Alabama,01009,1303,11
Banks,Georgia,13011,385,6
Baldwin,Alabama,01003,4568,42
Autauga,Alabama,01001,1453,24
Bibb,Alabama,01007,558,8
Barbour,Alabama,01005,764,7
Bartow,Georgia,13015,2450,72
Barrow,Georgia,13013,1772,38
Berrien,Georgia,13019,382,6
Ben Hill,Georgia,13017,632,14
Coosa,Alabama,01037,137,3
Conecuh,Alabama,01035,488,11
Covington,Alabama,01039,1104,27
Colbert,Alabama,01033,1472,22
Coffee,Alabama,01031,1096,7
Clarke,Alabama,01025,995,14
Choctaw,Alabama,01023,326,12
Cleburne,Alabama,01029,211,5
Clay,Alabama,01027,379,6
Chilton,Alabama,01021,1213,13
Addison,Vermont,50001,81,2
Bennington,Vermont,50003,102,1
Caledonia,Vermont,50005,33,0
Chittenden,Vermont,50007,803,39
Essex,Vermont,50009,6,0
Wallace,Kansas,20199,4,0
Wabaunsee,Kansas,20197,57,0
Franklin,Vermont,50011,122,7
Grand Isle,Vermont,50013,13,0
Lamoille,Vermont,50015,45,1
Trego,Kansas,20195,24,1
Orange,Vermont,50017,20,0
Thomas,Kansas,20193,52,0
Orleans,Vermont,50019,15,0
Sumner,Kansas,20191,129,3
Rutland,Vermont,50021,122,1
Washington,Vermont,50023,62,2
Windham,Vermont,50025,123,3
Windsor,Vermont,50027,80,2
Cumberland,North Carolina,37051,4117,67
Dawson,Georgia,13085,680,7
Currituck,North Carolina,37053,109,0
Dade,Georgia,13083,200,3
Dare,North Carolina,37055,242,2
DeKalb,Georgia,13089,16650,304
Davidson,North Carolina,37057,2203,32
Sanpete,Utah,49039,165,1
Decatur,Georgia,13087,992,21
Crisp,Georgia,13081,474,15
Marshall,Alabama,01095,3639,42
Marion,Alabama,01093,794,28
Monroe,Alabama,01099,547,7
Mobile,Alabama,01097,12318,263
Davie,North Carolina,37059,484,6
San Juan,Utah,49037,667,28
Salt Lake,Utah,49035,24203,232
Marengo,Alabama,01091,651,18
Rich,Utah,49033,11,0
Piute,Utah,49031,6,0
Dougherty,Georgia,13095,2993,180
Chowan,North Carolina,37041,223,2
Dooly,Georgia,13093,285,14
Clay,North Carolina,37043,89,1
Early,Georgia,13099,418,32
Cleveland,North Carolina,37045,1624,42
Morgan,Utah,49029,73,0
Douglas,Georgia,13097,3179,67
Columbus,North Carolina,37047,1124,52
Millard,Utah,49027,141,0
Panola,Mississippi,28107,1295,23
Oktibbeha,Mississippi,28105,1459,46
Madison,Alabama,01089,6570,60
Dodge,Georgia,13091,331,7
Pearl River,Mississippi,28109,752,48
Limestone,Alabama,01083,1712,16
Lee,Alabama,01081,4769,55
Noxubee,Mississippi,28103,520,14
Macon,Alabama,01087,440,19
Newton,Mississippi,28101,672,17
Lowndes,Alabama,01085,624,26
Craven,North Carolina,37049,995,26
Kane,Utah,49025,63,1
Juab,Utah,49023,105,1
Iron,Utah,49021,646,2
Clayton,Georgia,13063,6529,142
Carteret,North Carolina,37031,509,5
Clay,Georgia,13061,113,2
Caswell,North Carolina,37033,249,2
Grand,Utah,49019,56,1
Cobb,Georgia,13067,17097,395
Catawba,North Carolina,37035,2638,45
Garfield,Utah,49017,46,2
Clinch,Georgia,13065,294,4
Chatham,North Carolina,37037,1494,56
Emery,Utah,49015,18,0
Cherokee,North Carolina,37039,446,5
Duchesne,Utah,49013,95,0
Coffee,Georgia,13069,1797,37
Davis,Utah,49011,3934,23
Columbia,Georgia,13073,3179,45
Colquitt,Georgia,13071,1770,26
Buncombe,North Carolina,37021,2492,82
Daggett,Utah,49009,0,0
Coweta,Georgia,13077,2266,26
Burke,North Carolina,37023,1855,30
Carbon,Utah,49007,79,0
Cook,Georgia,13075,510,11
Cabarrus,North Carolina,37025,3221,54
Cache,Utah,49005,2119,6
Box Elder,Utah,49003,447,5
Caldwell,North Carolina,37027,1436,17
Crawford,Georgia,13079,153,3
Camden,North Carolina,37029,97,3
Beaver,Utah,49001,33,0
Avery,North Carolina,37011,144,0
Carroll,Georgia,13045,2336,62
Beaufort,North Carolina,37013,593,9
Candler,Georgia,13043,356,14
Franklin,Alabama,01059,1567,27
Suffolk,Massachusetts,25025,23552,1110
Fayette,Alabama,01057,323,6
Worcester,Massachusetts,25027,14217,1055
Elmore,Alabama,01051,2230,45
Etowah,Alabama,01055,2834,40
Norfolk,Massachusetts,25021,11050,1018
Escambia,Alabama,01053,1434,22
Plymouth,Massachusetts,25023,9646,742
Bertie,North Carolina,37015,441,6
Charlton,Georgia,13049,572,6
Bladen,North Carolina,37017,724,10
Catoosa,Georgia,13047,877,17
Brunswick,North Carolina,37019,1401,24
Chatham,Georgia,13051,7129,124
Chattooga,Georgia,13055,584,6
Alamance,North Carolina,37001,3243,46
Chattahoochee,Georgia,13053,1192,2
Alexander,North Carolina,37003,409,3
Dallas,Alabama,01047,1642,25
Dale,Alabama,01045,1110,38
DeKalb,Alabama,01049,2166,16
Cullman,Alabama,01043,1664,15
Crenshaw,Alabama,01041,474,29
Clarke,Georgia,13059,3070,30
Alleghany,North Carolina,37005,202,0
Cherokee,Georgia,13057,4895,79
Anson,North Carolina,37007,445,3
Ashe,North Carolina,37009,206,1
Bleckley,Georgia,13023,352,17
Bibb,Georgia,13021,5430,127
Berkshire,Massachusetts,25003,706,46
Lawrence,Alabama,01079,480,5
Bristol,Massachusetts,25005,9824,659
Dukes,Massachusetts,25007,74,0
Essex,Massachusetts,25009,18912,1240
Jefferson,Alabama,01073,16679,303
Jackson,Alabama,01071,1322,9
Lauderdale,Alabama,01077,1456,25
Lamar,Alabama,01075,295,2
Barnstable,Massachusetts,25001,1863,165
Brooks,Georgia,13027,478,22
Brantley,Georgia,13025,310,8
Bryan,Georgia,13029,866,9
Burke,Georgia,13033,658,8
Bulloch,Georgia,13031,2049,21
Hampshire,Massachusetts,25015,1287,140
Houston,Alabama,01069,2088,19
Middlesex,Massachusetts,25017,27732,2071
Henry,Alabama,01067,383,4
Nantucket,Massachusetts,25019,45,1
Geneva,Alabama,01061,442,4
Franklin,Massachusetts,25011,431,65
Hale,Alabama,01065,564,28
Hampden,Massachusetts,25013,7950,747
Greene,Alabama,01063,285,15
Calhoun,Georgia,13037,225,7
Butts,Georgia,13035,569,40
Camden,Georgia,13039,1023,7
Carroll,Indiana,18015,257,13
Cass,Indiana,18017,1875,10
Boone,Indiana,18011,866,49
Brown,Indiana,18013,90,2
Kern,California,06029,29459,292
Imperial,California,06025,10711,293
Inyo,California,06027,160,13
Glenn,California,06021,437,3
Humboldt,California,06023,393,4
Clark,Indiana,18019,1784,58
Crawford,Indiana,18025,65,1
Daviess,Indiana,18027,503,26
Clay,Indiana,18021,233,5
Clinton,Indiana,18023,555,11
El Dorado,California,06017,973,2
Fresno,California,06019,25185,290
Contra Costa,California,06013,14035,179
Del Norte,California,06015,123,1
Colusa,California,06011,456,6
Dearborn,Indiana,18029,582,30
Merced,California,06047,8081,118
Modoc,California,06049,10,0
Mariposa,California,06043,73,2
Mendocino,California,06045,714,17
Marin,California,06041,6205,96
Allen,Indiana,18003,5035,188
Bartholomew,Indiana,18005,1085,58
Adams,Indiana,18001,191,3
Madera,California,06039,3836,55
Lassen,California,06035,715,0
Los Angeles,California,06037,242521,5829
Kings,California,06031,6362,74
Lake,California,06033,341,4
Benton,Indiana,18007,81,0
Blackford,Indiana,18009,80,2
Wilson,North Carolina,37195,1752,36
Yadkin,North Carolina,37197,644,7
Yancey,North Carolina,37199,93,0
Butte,California,06007,2146,23
Wayne,North Carolina,37191,2830,53
Calaveras,California,06009,257,2
Wilkes,North Carolina,37193,1044,22
Alpine,California,06003,2,0
Amador,California,06005,242,15
Alameda,California,06001,18466,257
Wake,North Carolina,37183,15330,202
Warren,North Carolina,37185,291,6
Washington,North Carolina,37187,180,6
Watauga,North Carolina,37189,442,0
Vance,North Carolina,37181,915,42
Webster,Louisiana,22119,1030,20
Marshall,Indiana,18099,895,23
Madison,Indiana,18095,1343,80
Union,Louisiana,22111,829,39
Garfield,Nebraska,31071,6,0
Marion,Indiana,18097,18734,798
Vermilion,Louisiana,22113,1873,46
Gosper,Nebraska,31073,24,0
LaPorte,Indiana,18091,1193,31
Vernon,Louisiana,22115,957,39
Washington,Louisiana,22117,1473,60
Lawrence,Indiana,18093,465,29
Hall,Nebraska,31079,1861,46
Grant,Nebraska,31075,0,0
Greeley,Nebraska,31077,12,0
West Baton Rouge,Louisiana,22121,829,39
Franklin,Nebraska,31061,20,0
West Carroll,Louisiana,22123,314,9
Frontier,Nebraska,31063,6,0
West Feliciana,Louisiana,22125,575,20
Winn,Louisiana,22127,552,16
Garden,Nebraska,31069,7,0
Furnas,Nebraska,31065,28,1
Sonoma,California,06097,5917,83
Gage,Nebraska,31067,133,4
Stanislaus,California,06099,14786,262
Siskiyou,California,06093,138,0
Solano,California,06095,5552,47
Sierra,California,06091,6,0
Jefferson,Indiana,18077,212,3
Jennings,Indiana,18079,275,14
Jasper,Indiana,18073,325,2
Jay,Indiana,18075,136,0
Dixon,Nebraska,31051,63,2
Jackson,Indiana,18071,704,10
Dundy,Nebraska,31057,9,0
Fillmore,Nebraska,31059,31,1
Dodge,Nebraska,31053,918,11
Douglas,Nebraska,31055,13573,162
Tensas,Louisiana,22107,151,1
Terrebonne,Louisiana,22109,3347,99
LaGrange,Indiana,18087,602,11
Lake,Indiana,18089,9233,315
Knox,Indiana,18083,350,3
St. Mary,Louisiana,22101,1768,70
Kosciusko,Indiana,18085,1054,19
Custer,Nebraska,31041,74,4
St. Tammany,Louisiana,22103,6087,239
Johnson,Indiana,18081,2076,129
Tangipahoa,Louisiana,22105,4071,98
Dawson,Nebraska,31047,1009,11
Deuel,Nebraska,31049,3,0
Dakota,Nebraska,31043,2013,42
Dawes,Nebraska,31045,85,0
Hancock,Indiana,18059,835,44
Greene,Indiana,18055,374,38
Hamilton,Indiana,18057,3988,116
Gibson,Indiana,18051,319,4
Grant,Indiana,18053,968,34
San Benito,California,06069,1112,8
Clay,Nebraska,31035,58,0
Colfax,Nebraska,31037,729,5
Riverside,California,06065,53153,1026
Cherry,Nebraska,31031,22,0
Sacramento,California,06067,18285,296
Cheyenne,Nebraska,31033,29,0
Placer,California,06061,3027,33
Plumas,California,06063,39,0
Cuming,Nebraska,31039,83,0
Huntington,Indiana,18069,171,3
Henry,Indiana,18065,630,22
Howard,Indiana,18067,1094,65
Harrison,Indiana,18061,488,26
Hendricks,Indiana,18063,2368,130
Cass,Nebraska,31025,259,2
Nevada,California,06057,449,5
Cedar,Nebraska,31027,48,0
Orange,California,06059,48825,988
Burt,Nebraska,31021,68,0
Monterey,California,06053,8068,58
Butler,Nebraska,31023,94,0
Napa,California,06055,1445,13
Mono,California,06051,162,2
Chase,Nebraska,31029,13,0
Dubois,Indiana,18037,848,17
Elkhart,Indiana,18039,5702,102
DeKalb,Indiana,18033,347,8
Delaware,Indiana,18035,1234,58
Decatur,Indiana,18031,430,38
Box Butte,Nebraska,31013,28,0
Boyd,Nebraska,31015,10,0
Santa Cruz,California,06087,1755,7
Shasta,California,06089,572,12
Boone,Nebraska,31011,26,0
Santa Barbara,California,06083,8164,95
Santa Clara,California,06085,17465,249
Brown,Nebraska,31017,4,0
San Mateo,California,06081,8260,132
Buffalo,Nebraska,31019,697,3
Franklin,Indiana,18047,286,26
Fulton,Indiana,18049,209,2
Floyd,Indiana,18043,1087,60
Fountain,Indiana,18045,97,2
Fayette,Indiana,18041,427,9
Antelope,Nebraska,31003,25,1
San Luis Obispo,California,06079,3006,20
Arthur,Nebraska,31005,1,0
San Francisco,California,06075,9547,83
Adams,Nebraska,31001,416,11
San Joaquin,California,06077,17807,330
San Bernardino,California,06071,47642,716
San Diego,California,06073,38934,688
Banner,Nebraska,31007,2,0
Blaine,Nebraska,31009,0,0
Fulton,Georgia,13121,25063,525
Faulk,South Dakota,46049,32,1
Fall River,South Dakota,46047,50,1
Pointe Coupee,Louisiana,22077,957,37
Rapides,Louisiana,22079,3839,135
Winston,Alabama,01133,589,11
Orleans,Louisiana,22071,11573,577
Ouachita,Louisiana,22073,5509,129
Wilcox,Alabama,01131,517,11
Plaquemines,Louisiana,22075,538,19
Glascock,Georgia,13125,34,2
Edmunds,South Dakota,46045,31,0
Gilmer,Georgia,13123,751,8
Douglas,South Dakota,46043,29,0
Gordon,Georgia,13129,1534,30
Dewey,South Dakota,46041,82,0
Glynn,Georgia,13127,3053,71
Deuel,South Dakota,46039,48,0
Day,South Dakota,46037,37,0
Greene,Georgia,13133,445,17
Davison,South Dakota,46035,143,2
Grady,Georgia,13131,669,12
Tuscaloosa,Alabama,01125,5949,100
St. Charles,Louisiana,22089,1660,56
Tallapoosa,Alabama,01123,1063,82
Washington,Alabama,01129,523,13
Walker,Alabama,01127,1937,76
Red River,Louisiana,22081,321,20
Richland,Louisiana,22083,696,9
Talladega,Alabama,01121,1787,21
Sabine,Louisiana,22085,750,13
St. Bernard,Louisiana,22087,1242,27
Custer,South Dakota,46033,117,0
Habersham,Georgia,13137,1363,62
Corson,South Dakota,46031,58,0
Gwinnett,Georgia,13135,24477,341
Hall,Georgia,13139,7801,128
Codington,South Dakota,46029,330,2
Clay,South Dakota,46027,372,2
Clark,South Dakota,46025,19,0
Lafayette,Louisiana,22055,8275,111
Lafourche,Louisiana,22057,3284,109
Warren,New Jersey,34041,1410,171
LaSalle,Louisiana,22059,391,5
Evans,Georgia,13109,373,5
Jefferson,Louisiana,22051,16526,549
Jefferson Davis,Louisiana,22053,1166,36
Effingham,Georgia,13103,1080,17
Charles Mix,South Dakota,46023,122,0
Echols,Georgia,13101,237,2
Campbell,South Dakota,46021,5,0
Emanuel,Georgia,13107,771,22
Elbert,Georgia,13105,480,1
Butte,South Dakota,46019,47,1
Buffalo,South Dakota,46017,110,3
Brule,South Dakota,46015,67,0
Fannin,Georgia,13111,465,8
Brown,South Dakota,46013,695,3
Salem,New Jersey,34033,986,89
Morehouse,Louisiana,22067,602,17
Passaic,New Jersey,34031,18522,1245
Natchitoches,Louisiana,22069,922,23
Union,New Jersey,34039,17290,1351
Lincoln,Louisiana,22061,912,40
Sussex,New Jersey,34037,1438,197
Livingston,Louisiana,22063,3405,66
Somerset,New Jersey,34035,5499,567
Madison,Louisiana,22065,825,7
Brookings,South Dakota,46011,340,1
Floyd,Georgia,13115,2313,32
Fayette,Georgia,13113,1585,38
Franklin,Georgia,13119,563,11
Forsyth,Georgia,13117,3154,33
Bon Homme,South Dakota,46009,52,1
Bennett,South Dakota,46007,23,0
Beadle,South Dakota,46005,639,9
Aurora,South Dakota,46003,42,0
East Baton Rouge,Louisiana,22033,13826,414
Mercer,New Jersey,34021,8378,630
East Carroll,Louisiana,22035,529,3
East Feliciana,Louisiana,22037,1102,45
Evangeline,Louisiana,22039,1118,27
Ocean,New Jersey,34029,11275,1023
Morris,New Jersey,34027,7651,829
Monmouth,New Jersey,34025,10855,858
De Soto,Louisiana,22031,818,33
Middlesex,New Jersey,34023,18669,1417
Cumberland,New Jersey,34011,3595,155
Iberia,Louisiana,22045,2717,87
Iberville,Louisiana,22047,1344,54
Jackson,Louisiana,22049,475,21
Hunterdon,New Jersey,34019,1266,124
Hudson,New Jersey,34017,20323,1508
Gloucester,New Jersey,34015,3714,219
Franklin,Louisiana,22041,1088,31
Essex,New Jersey,34013,20597,2116
Grant,Louisiana,22043,435,28
Calcasieu,Louisiana,22019,7445,190
Sumter,Alabama,01119,406,19
Beauregard,Louisiana,22011,941,31
Russell,Alabama,01113,1637,2
Bienville,Louisiana,22013,418,32
Randolph,Alabama,01111,523,12
Bossier,Louisiana,22015,2728,92
Shelby,Alabama,01117,4677,47
Caddo,Louisiana,22017,7452,322
St. Clair,Alabama,01115,1877,29
Camden,New Jersey,34007,9230,590
Burlington,New Jersey,34005,6460,481
Bergen,New Jersey,34003,21907,2035
Atlantic,New Jersey,34001,3774,251
Cape May,New Jersey,34009,915,94
Pike,Alabama,01109,985,8
Morgan,Alabama,01103,2934,24
Cameron,Louisiana,22023,208,1
Montgomery,Alabama,01101,8053,164
Catahoula,Louisiana,22025,375,6
Pickens,Alabama,01107,564,12
Claiborne,Louisiana,22027,380,13
Perry,Alabama,01105,519,5
Concordia,Louisiana,22029,436,10
Caldwell,Louisiana,22021,280,3
Swain,North Carolina,37173,131,3
Transylvania,North Carolina,37175,261,2
Tyrrell,North Carolina,37177,107,2
Union,North Carolina,37179,4008,52
Surry,North Carolina,37171,1167,17
Rutherford,North Carolina,37161,1004,24
Sampson,North Carolina,37163,1623,21
Scotland,North Carolina,37165,672,8
Stanly,North Carolina,37167,1528,31
Stokes,North Carolina,37169,335,3
Long,Georgia,13183,184,3
Randolph,North Carolina,37151,2431,44
Lincoln,Georgia,13181,196,7
Richmond,North Carolina,37153,673,11
Lumpkin,Georgia,13187,719,12
Robeson,North Carolina,37155,3607,60
Lowndes,Georgia,13185,3496,66
Rockingham,North Carolina,37157,846,8
Rowan,North Carolina,37159,2841,67
McDuffie,Georgia,13189,521,13
Madison,Georgia,13195,540,8
Pender,North Carolina,37141,772,4
Macon,Georgia,13193,206,10
Perquimans,North Carolina,37143,141,2
Meriwether,Georgia,13199,488,9
Person,North Carolina,37145,332,5
Marion,Georgia,13197,171,6
McIntosh,Georgia,13191,248,5
Marshall,South Dakota,46091,19,0
Minnehaha,South Dakota,46099,5340,70
Pitt,North Carolina,37147,3617,19
Polk,North Carolina,37149,229,7
Miner,South Dakota,46097,16,0
Mellette,South Dakota,46095,24,0
Meade,South Dakota,46093,305,1
Jeff Davis,Georgia,13161,645,11
Northampton,North Carolina,37131,340,17
Jenkins,Georgia,13165,322,25
Onslow,North Carolina,37133,1501,12
Jefferson,Georgia,13163,671,18
Orange,North Carolina,37135,2305,50
Lawrence,South Dakota,46081,229,3
Jones,Georgia,13169,459,5
Pamlico,North Carolina,37137,168,2
McPherson,South Dakota,46089,10,0
Johnson,Georgia,13167,342,13
McCook,South Dakota,46087,53,1
Pasquotank,North Carolina,37139,564,23
Lyman,South Dakota,46085,105,3
Lincoln,South Dakota,46083,919,2
Lanier,Georgia,13173,265,5
Lamar,Georgia,13171,325,16
Mitchell,North Carolina,37121,93,3
Lee,Georgia,13177,666,24
Montgomery,North Carolina,37123,893,18
Lake,South Dakota,46079,119,6
Laurens,Georgia,13175,1353,48
St. Louis city,Missouri,29510,6216,188
Moore,North Carolina,37125,1310,21
Kingsbury,South Dakota,46077,23,0
Nash,North Carolina,37127,1703,24
Jones,South Dakota,46075,3,0
Liberty,Georgia,13179,932,18
New Hanover,North Carolina,37129,3122,21
Jerauld,South Dakota,46073,41,1
Jackson,South Dakota,46071,12,1
Haralson,Georgia,13143,333,8
McDowell,North Carolina,37111,804,24
Hancock,Georgia,13141,360,39
Macon,North Carolina,37113,545,2
Hyde,South Dakota,46069,7,0
St. Martin,Louisiana,22099,1975,57
St. Helena,Louisiana,22091,373,2
St. James,Louisiana,22093,761,36
St. John the Baptist,Louisiana,22095,1515,96
St. Landry,Louisiana,22097,3110,115
Hart,Georgia,13147,420,11
Hutchinson,South Dakota,46067,44,1
Madison,North Carolina,37115,70,1
Harris,Georgia,13145,728,21
Hughes,South Dakota,46065,132,4
Martin,North Carolina,37117,350,7
Mecklenburg,North Carolina,37119,25790,300
Harding,South Dakota,46063,2,0
Heard,Georgia,13149,172,5
Hanson,South Dakota,46061,23,0
Henry,Georgia,13151,4442,80
Hand,South Dakota,46059,15,0
Irwin,Georgia,13155,222,4
Johnston,North Carolina,37101,3928,52
Hamlin,South Dakota,46057,58,0
Houston,Georgia,13153,2647,69
Jones,North Carolina,37103,134,7
Haakon,South Dakota,46055,6,0
Jasper,Georgia,13159,195,4
Lee,North Carolina,37105,1448,13
Gregory,South Dakota,46053,25,0
Jackson,Georgia,13157,1523,26
Lenoir,North Carolina,37107,805,17
Grant,South Dakota,46051,42,0
Lincoln,North Carolina,37109,1128,13
Jackson,Oklahoma,40065,596,9
Randolph,Indiana,18135,208,7
Holmes,Ohio,39075,351,7
Ripley,Indiana,18137,245,8
Hughes,Oklahoma,40063,217,3
Huron,Ohio,39077,479,6
Pulaski,Indiana,18131,102,1
Johnston,Oklahoma,40069,94,1
Jackson,Ohio,39079,173,1
Putnam,Indiana,18133,440,8
Jefferson,Oklahoma,40067,36,0
Highland,Ohio,39071,191,3
Hocking,Ohio,39073,143,9
Mahnomen,Minnesota,27087,37,1
Logan,Nebraska,31113,3,0
McLeod,Minnesota,27085,367,1
Loup,Nebraska,31115,2,0
Lincoln,Nebraska,31111,272,2
Marshall,Minnesota,27089,37,0
Rush,Indiana,18139,177,4
Lyon,Minnesota,27083,538,3
Haskell,Oklahoma,40061,167,4
McPherson,Nebraska,31117,6,0
Madison,Nebraska,31119,637,6
Lincoln,Minnesota,27081,70,0
Hardin,Ohio,39065,223,13
Spencer,Indiana,18147,162,3
Grant,Oklahoma,40053,25,0
Harrison,Ohio,39067,31,1
Grady,Oklahoma,40051,535,7
Starke,Indiana,18149,214,8
Henry,Ohio,39069,216,3
Scott,Indiana,18143,323,12
Harmon,Oklahoma,40057,39,0
Shelby,Indiana,18145,1082,36
Greer,Oklahoma,40055,88,8
St. Joseph,Indiana,18141,5197,99
Harper,Oklahoma,40059,17,0
Hamilton,Ohio,39061,11285,287
Hancock,Ohio,39063,527,7
Mower,Minnesota,27099,1185,3
Keith,Nebraska,31101,47,0
Morrison,Minnesota,27097,119,1
Keya Paha,Nebraska,31103,1,0
Martin,Minnesota,27091,236,6
Lancaster,Nebraska,31109,4117,21
Kimball,Nebraska,31105,15,0
Mille Lacs,Minnesota,27095,101,3
Knox,Nebraska,31107,68,0
Meeker,Minnesota,27093,110,2
Noble,Indiana,18113,814,32
Dewey,Oklahoma,40043,21,1
Gallia,Ohio,39053,147,4
Ohio,Indiana,18115,73,7
Delaware,Oklahoma,40041,546,21
Geauga,Ohio,39055,623,46
Garfield,Oklahoma,40047,993,12
Greene,Ohio,39057,992,19
Newton,Indiana,18111,147,11
Ellis,Oklahoma,40045,6,0
Guernsey,Ohio,39059,133,7
Garvin,Oklahoma,40049,261,4
Fulton,Ohio,39051,187,1
Kanabec,Minnesota,27065,65,5
Jackson,Minnesota,27063,96,1
Kittson,Minnesota,27069,7,0
Kandiyohi,Minnesota,27067,820,1
Orange,Indiana,18117,244,26
Itasca,Minnesota,27061,201,12
Owen,Indiana,18119,147,2
Erie,Ohio,39043,774,36
Comanche,Oklahoma,40031,1261,11
Pike,Indiana,18125,102,1
Fairfield,Ohio,39045,1738,40
Porter,Indiana,18127,1744,43
Fayette,Ohio,39047,192,5
Craig,Oklahoma,40035,123,1
Parke,Indiana,18121,85,2
Franklin,Ohio,39049,22005,563
Cotton,Oklahoma,40033,31,2
Perry,Indiana,18123,207,15
Custer,Oklahoma,40039,332,0
Creek,Oklahoma,40037,828,21
Delaware,Ohio,39041,1674,20
Lake of the Woods,Minnesota,27077,10,0
Lake,Minnesota,27075,34,0
Le Sueur,Minnesota,27079,384,2
Lac qui Parle,Minnesota,27073,17,0
Posey,Indiana,18129,219,0
Koochiching,Minnesota,27071,88,3
Cherokee,Oklahoma,40021,686,7
Coshocton,Ohio,39031,217,9
Crawford,Ohio,39033,196,5
Cimarron,Oklahoma,40025,14,0
Cuyahoga,Ohio,39035,15804,581
Choctaw,Oklahoma,40023,246,1
Darke,Ohio,39037,622,35
Coal,Oklahoma,40029,59,0
Tuolumne,California,06109,185,2
Cleveland,Oklahoma,40027,3991,64
Goodhue,Minnesota,27049,261,9
Trinity,California,06105,14,0
Tulare,California,06107,14305,234
Faribault,Minnesota,27043,115,0
Sutter,California,06101,1436,10
Douglas,Minnesota,27041,171,1
Tehama,California,06103,421,1
Freeborn,Minnesota,27047,403,1
Fillmore,Minnesota,27045,86,0
Defiance,Ohio,39039,213,7
Champaign,Ohio,39021,249,3
Miami,Indiana,18103,323,2
Clark,Ohio,39023,1433,28
Monroe,Indiana,18105,1185,40
Clermont,Ohio,39025,1303,15
Bryan,Oklahoma,40013,609,3
Clinton,Ohio,39027,249,10
Martin,Indiana,18101,121,0
Blaine,Oklahoma,40011,75,1
Canadian,Oklahoma,40017,1547,12
Caddo,Oklahoma,40015,571,20
Carter,Oklahoma,40019,416,6
Houston,Minnesota,27055,77,0
Hennepin,Minnesota,27053,23209,881
Isanti,Minnesota,27059,177,0
Hubbard,Minnesota,27057,46,0
Columbiana,Ohio,39029,1841,66
Montgomery,Indiana,18107,428,22
Grant,Minnesota,27051,55,4
Morgan,Indiana,18109,610,38
Auglaize,Ohio,39011,427,8
Alfalfa,Oklahoma,40003,14,0
Belmont,Ohio,39013,684,26
Adair,Oklahoma,40001,458,9
Brown,Ohio,39015,218,2
Clearwater,Minnesota,27029,19,0
Beaver,Oklahoma,40007,44,0
Clay,Minnesota,27027,893,40
Atoka,Oklahoma,40005,113,1
Beckham,Oklahoma,40009,125,1
Cass,Minnesota,27021,105,3
Chisago,Minnesota,27025,319,1
Chippewa,Minnesota,27023,136,1
Butler,Ohio,39017,4147,74
Carroll,Ohio,39019,126,6
Adams,Ohio,39001,93,4
Allen,Ohio,39003,1162,54
Ashland,Ohio,39005,171,4
Dodge,Minnesota,27039,156,0
Yolo,California,06113,2438,52
Cottonwood,Minnesota,27033,204,0
Yuba,California,06115,944,6
Cook,Minnesota,27031,6,0
Dakota,Minnesota,27037,5973,111
Ventura,California,06111,10866,116
Crow Wing,Minnesota,27035,312,16
Ashtabula,Ohio,39007,612,46
Athens,Ohio,39009,396,2
Webster,Nebraska,31181,13,0
Wheeler,Nebraska,31183,1,0
York,Nebraska,31185,114,0
Thomas,Nebraska,31171,3,0
Thurston,Nebraska,31173,224,4
Wayne,Nebraska,31179,54,0
Valley,Nebraska,31175,19,0
Washington,Nebraska,31177,176,1
Sheridan,Nebraska,31161,27,0
Stanton,Nebraska,31167,33,0
Thayer,Nebraska,31169,27,0
Sherman,Nebraska,31163,17,1
Sioux,Nebraska,31165,6,0
Wells,Indiana,18179,228,2
Washington,Indiana,18175,229,1
Wayne,Indiana,18177,897,10
Warren,Indiana,18171,39,1
Warrick,Indiana,18173,779,33
Saline,Nebraska,31151,635,2
Scotts Bluff,Nebraska,31157,363,6
Seward,Nebraska,31159,166,2
Sarpy,Nebraska,31153,2885,17
Saunders,Nebraska,31155,237,2
Mayes,Oklahoma,40097,417,9
Marshall,Oklahoma,40095,131,1
Murray,Oklahoma,40099,90,1
Whitley,Indiana,18183,213,6
White,Indiana,18181,442,12
Red Willow,Nebraska,31145,20,0
Richardson,Nebraska,31147,35,1
Platte,Nebraska,31141,873,3
Polk,Nebraska,31143,33,1
Major,Oklahoma,40093,52,1
Rock,Nebraska,31149,10,0
McIntosh,Oklahoma,40091,239,4
Tippecanoe,Indiana,18157,1592,14
McClain,Oklahoma,40087,580,4
Madison,Ohio,39097,704,11
Tipton,Indiana,18159,192,23
Love,Oklahoma,40085,108,0
Mahoning,Ohio,39099,2864,266
Sullivan,Indiana,18153,295,8
Switzerland,Indiana,18155,66,0
McCurtain,Oklahoma,40089,1030,30
Steuben,Indiana,18151,287,5
Logan,Ohio,39091,242,2
Lorain,Ohio,39093,2111,81
Lucas,Ohio,39095,6475,343
Perkins,Nebraska,31135,30,7
Phelps,Nebraska,31137,71,0
Otoe,Nebraska,31131,121,1
Pawnee,Nebraska,31133,11,0
Logan,Oklahoma,40083,305,1
Pierce,Nebraska,31139,60,3
Lincoln,Oklahoma,40081,303,8
Lawrence,Ohio,39087,445,14
Wabash,Indiana,18169,214,6
Kiowa,Oklahoma,40075,44,1
Licking,Ohio,39089,1611,57
Kingfisher,Oklahoma,40073,263,2
Vermillion,Indiana,18165,96,0
Le Flore,Oklahoma,40079,672,7
Vigo,Indiana,18167,1343,18
Latimer,Oklahoma,40077,113,2
Union,Indiana,18161,87,0
Jefferson,Ohio,39081,275,4
Vanderburgh,Indiana,18163,2609,19
Knox,Ohio,39083,248,14
Lake,Ohio,39085,1328,44
Morrill,Nebraska,31123,66,0
Nance,Nebraska,31125,11,0
Merrick,Nebraska,31121,70,1
Kay,Oklahoma,40071,326,12
Nemaha,Nebraska,31127,86,0
Nuckolls,Nebraska,31129,11,0
Randolph,Georgia,13243,314,27
Rabun,Georgia,13241,283,6
Bristol city,Virginia,51520,121,2
Rockdale,Georgia,13247,1665,33
Richmond,Georgia,13245,6062,131
Schley,Georgia,13249,95,2
Seminole,Georgia,13253,295,8
Screven,Georgia,13251,295,9
Buena Vista city,Virginia,51530,75,1
Stephens,Georgia,13257,853,27
Spalding,Georgia,13255,1182,51
Stewart,Georgia,13259,356,11
Oglethorpe,Georgia,13221,281,11
Charlottesville city,Virginia,51540,686,18
Peach,Georgia,13225,572,17
Paulding,Georgia,13223,2300,34
Pierce,Georgia,13229,520,13
Pickens,Georgia,13227,525,6
Pike,Georgia,13231,280,8
Ziebach,South Dakota,46137,49,0
Yankton,South Dakota,46135,240,3
Chesapeake city,Virginia,51550,3811,48
Pulaski,Georgia,13235,223,7
Polk,Georgia,13233,1220,15
Quitman,Georgia,13239,31,1
Putnam,Georgia,13237,616,20
Walworth,South Dakota,46129,43,0
Union,South Dakota,46127,270,4
Turner,South Dakota,46125,84,0
Tripp,South Dakota,46123,23,0
Montgomery,Georgia,13209,217,3
Todd,South Dakota,46121,82,5
Miller,Georgia,13201,216,0
Monroe,Georgia,13207,597,42
Mitchell,Georgia,13205,714,45
Sully,South Dakota,46119,8,0
Stanley,South Dakota,46117,21,0
Spink,South Dakota,46115,54,0
Oconee,Georgia,13219,560,20
Colonial Heights city,Virginia,51570,228,23
Murray,Georgia,13213,716,3
Sanborn,South Dakota,46111,15,0
Morgan,Georgia,13211,419,2
Newton,Georgia,13217,2325,62
Muscogee,Georgia,13215,5484,135
Potter,South Dakota,46107,16,0
Perkins,South Dakota,46105,16,0
Pennington,South Dakota,46103,1448,33
Moody,South Dakota,46101,42,0
Oglala Lakota,South Dakota,46102,176,2
Howard,Nebraska,31093,64,5
Jefferson,Nebraska,31095,19,0
Roberts,South Dakota,46109,100,1
Hooker,Nebraska,31091,4,0
Covington city,Virginia,51580,25,0
Johnson,Nebraska,31097,26,0
Kearney,Nebraska,31099,111,0
Harlan,Nebraska,31083,7,0
Hayes,Nebraska,31085,0,0
Hamilton,Nebraska,31081,109,13
Danville city,Virginia,51590,611,16
Emporia city,Virginia,51595,233,17
Hitchcock,Nebraska,31087,2,0
Holt,Nebraska,31089,21,0
Beltrami,Minnesota,27007,321,1
Becker,Minnesota,27005,200,2
Benton,Minnesota,27009,409,3
Anoka,Minnesota,27003,4782,121
Aitkin,Minnesota,27001,51,1
Carver,Minnesota,27019,1128,4
Carlton,Minnesota,27017,193,1
Big Stone,Minnesota,27011,35,0
Brown,Minnesota,27015,131,2
Blue Earth,Minnesota,27013,1278,5
Honolulu,Hawaii,15003,7848,62
Hawaii,Hawaii,15001,383,3
Kauai,Hawaii,15007,57,0
Kalawao,Hawaii,15005,0,0
Maui,Hawaii,15009,340,8
Treutlen,Georgia,13283,215,5
Towns,Georgia,13281,213,6
Turner,Georgia,13287,279,21
Troup,Georgia,13285,2602,85
Twiggs,Georgia,13289,166,7
Upson,Georgia,13293,664,57
Union,Georgia,13291,488,11
Walton,Georgia,13297,1506,48
Walker,Georgia,13295,1046,22
Ware,Georgia,13299,1347,45
Sumter,Georgia,13261,861,60
Taliaferro,Georgia,13265,19,0
Talbot,Georgia,13263,155,5
Taylor,Georgia,13269,160,7
Tattnall,Georgia,13267,685,7
Telfair,Georgia,13271,349,13
Thomas,Georgia,13275,1413,49
Terrell,Georgia,13273,320,31
Toombs,Georgia,13279,1080,19
Alexandria city,Virginia,51510,3395,62
Tift,Georgia,13277,1511,49
Wyandot,Ohio,39175,187,10
Williams,Ohio,39171,160,3
Wood,Ohio,39173,1351,61
Woodward,Oklahoma,40153,98,0
Vinton,Ohio,39163,39,2
Woods,Oklahoma,40151,25,0
Warren,Ohio,39165,2367,42
Washington,Ohio,39167,227,23
Wayne,Ohio,39169,765,61
Van Wert,Ohio,39161,91,2
Summit,Ohio,39153,4505,236
Tillman,Oklahoma,40141,69,1
Trumbull,Ohio,39155,1751,123
Tuscarawas,Ohio,39157,865,17
Wagoner,Oklahoma,40145,1164,23
Union,Ohio,39159,376,1
Tulsa,Oklahoma,40143,13376,134
Washita,Oklahoma,40149,42,0
Washington,Oklahoma,40147,798,39
Stark,Ohio,39151,2354,152
Watonwan,Minnesota,27165,445,4
Washington,Minnesota,27163,3003,54
Winona,Minnesota,27169,481,17
Wilkin,Minnesota,27167,51,3
Waseca,Minnesota,27161,270,3
Rogers,Oklahoma,40131,1322,41
Ross,Ohio,39141,712,13
Sandusky,Ohio,39143,520,17
Sequoyah,Oklahoma,40135,583,8
Scioto,Ohio,39145,365,3
Seminole,Oklahoma,40133,327,5
Seneca,Ohio,39147,359,12
Texas,Oklahoma,40139,1160,7
Stephens,Oklahoma,40137,253,4
Comanche,Texas,48093,216,3
Comal,Texas,48091,3005,96
Yellow Medicine,Minnesota,27173,90,1
Carson City,Nevada,32510,430,8
Shelby,Ohio,39149,374,4
Coryell,Texas,48099,1431,10
Wright,Minnesota,27171,1262,6
Cooke,Texas,48097,325,4
Concho,Texas,48095,56,1
Pike,Ohio,39131,108,0
Portage,Ohio,39133,865,65
Preble,Ohio,39135,352,4
Pontotoc,Oklahoma,40123,244,3
Putnam,Ohio,39137,343,17
Pittsburg,Oklahoma,40121,593,16
Pushmataha,Oklahoma,40127,126,1
Pottawatomie,Oklahoma,40125,872,9
Stevens,Minnesota,27149,52,1
Roger Mills,Oklahoma,40129,13,1
Sibley,Minnesota,27143,140,3
Coleman,Texas,48083,53,2
Sherburne,Minnesota,27141,920,13
Coke,Texas,48081,49,3
Steele,Minnesota,27147,436,2
Stearns,Minnesota,27145,3285,22
Richland,Ohio,39139,703,17
Colorado,Texas,48089,446,3
Collingsworth,Texas,48087,16,0
Collin,Texas,48085,11054,114
Schenectady,New York,36093,1271,43
Saratoga,New York,36091,846,15
Noble,Ohio,39121,23,0
Osage,Oklahoma,40113,647,12
Ottawa,Ohio,39123,451,29
Okmulgee,Oklahoma,40111,621,4
Paulding,Ohio,39125,83,0
Pawnee,Oklahoma,40117,219,3
Ottawa,Oklahoma,40115,531,4
Seneca,New York,36099,100,1
Wadena,Minnesota,27159,49,0
Schuyler,New York,36097,26,0
Payne,Oklahoma,40119,1196,5
Schoharie,New York,36095,70,2
Chambers,Texas,48071,1149,12
Todd,Minnesota,27153,451,2
Swift,Minnesota,27151,65,1
Wabasha,Minnesota,27157,124,0
Traverse,Minnesota,27155,21,0
Cochran,Texas,48079,37,1
Perry,Ohio,39127,235,7
Clay,Texas,48077,67,1
Pickaway,Ohio,39129,2495,43
Childress,Texas,48075,57,0
Cherokee,Texas,48073,1424,16
Breckinridge,Kentucky,21027,100,2
Breathitt,Kentucky,21025,56,0
Bracken,Kentucky,21023,37,0
Boyle,Kentucky,21021,210,0
Bullitt,Kentucky,21029,633,5
Strafford,New Hampshire,33017,390,13
Rockingham,New Hampshire,33015,1813,100
Grand,Colorado,08049,66,1
Merrimack,New Hampshire,33013,504,23
Gilpin,Colorado,08047,18,0
Hillsborough,New Hampshire,33011,4048,286
Garfield,Colorado,08045,845,4
Fremont,Colorado,08043,157,0
El Paso,Colorado,08041,6102,153
Sullivan,New Hampshire,33019,48,1
Carlisle,Kentucky,21039,61,1
Campbell,Kentucky,21037,711,17
Calloway,Kentucky,21035,419,7
Caldwell,Kentucky,21033,84,0
Elbert,Colorado,08039,121,2
Coos,New Hampshire,33007,19,0
Eagle,Colorado,08037,1184,9
Cheshire,New Hampshire,33005,129,3
Douglas,Colorado,08035,2118,60
Carroll,New Hampshire,33003,105,1
Dolores,Colorado,08033,2,0
Belknap,New Hampshire,33001,125,4
Denver,Colorado,08031,11307,434
Butler,Kentucky,21031,323,16
Grafton,New Hampshire,33009,114,1
Anderson,Kentucky,21005,118,1
Allen,Kentucky,21003,254,9
Adair,Kentucky,21001,272,19
Barren,Kentucky,21009,504,9
Ballard,Kentucky,21007,43,0
Larimer,Colorado,08069,1976,42
La Plata,Colorado,08067,241,2
Lake,Colorado,08065,80,0
Kit Carson,Colorado,08063,75,3
Kiowa,Colorado,08061,0,0
Bourbon,Kentucky,21017,127,1
Boone,Kentucky,21015,1307,25
Bell,Kentucky,21013,400,7
Bath,Kentucky,21011,66,1
Boyd,Kentucky,21019,245,4
Jefferson,Colorado,08059,4834,237
Jackson,Colorado,08057,9,0
Huerfano,Colorado,08055,9,1
Hinsdale,Colorado,08053,3,0
Gunnison,Colorado,08051,291,7
Baca,Colorado,08009,16,0
Archuleta,Colorado,08007,48,0
Arapahoe,Colorado,08005,8277,369
Alamosa,Colorado,08003,238,9
Adams,Colorado,08001,7647,197
Delta,Colorado,08029,165,2
Custer,Colorado,08027,17,0
Crowley,Colorado,08025,73,1
Costilla,Colorado,08023,32,1
Conejos,Colorado,08021,31,0
Clear Creek,Colorado,08019,35,1
Cheyenne,Colorado,08017,9,0
Chaffee,Colorado,08015,316,19
Boulder,Colorado,08013,2324,79
Broomfield,Colorado,08014,540,33
Bent,Colorado,08011,11,0
Duval,Florida,12031,26683,259
Escambia,Florida,12033,11256,188
Carroll,Maryland,24013,1703,123
Albany,New York,36001,2786,122
Cecil,Maryland,24015,796,31
Charles,Maryland,24017,2405,94
Dorchester,Maryland,24019,462,6
Cattaraugus,New York,36009,206,6
Broome,New York,36007,1311,82
Caroline,Maryland,24011,513,3
Allegany,New York,36003,89,2
Galax city,Virginia,51640,397,28
Flagler,Florida,12035,1323,15
Franklin,Florida,12037,549,3
Gadsden,Florida,12039,2360,31
Gilchrist,Florida,12041,468,10
Glades,Florida,12043,458,3
Harford,Maryland,24025,2503,70
Howard,Maryland,24027,4421,117
Kent,Maryland,24029,266,24
Hampton city,Virginia,51650,1562,16
Frederick,Maryland,24021,3512,125
Garrett,Maryland,24023,63,0
Gulf,Florida,12045,827,12
Hamilton,Florida,12047,703,6
Hardee,Florida,12049,1104,9
Broward,Florida,12011,72245,1187
Harrisonburg city,Virginia,51660,1423,33
Calhoun,Florida,12013,571,9
Charlotte,Florida,12015,2713,112
Citrus,Florida,12017,2124,59
Clay,Florida,12019,4155,77
Collier,Florida,12021,11796,177
Anne Arundel,Maryland,24003,8410,237
Baltimore,Maryland,24005,15616,604
Calvert,Maryland,24009,792,28
Hopewell city,Virginia,51670,350,4
Allegany,Maryland,24001,395,20
Columbia,Florida,12023,3379,38
Lexington city,Virginia,51678,43,0
DeSoto,Florida,12027,1493,22
Dixie,Florida,12029,735,4
Lynchburg city,Virginia,51680,1007,5
Manassas city,Virginia,51683,1810,24
Manassas Park city,Virginia,51685,568,7
Worth,Georgia,13321,504,29
Martinsville city,Virginia,51690,328,6
Brevard,Florida,12009,7378,210
Alachua,Florida,12001,5251,33
Baker,Florida,12003,1164,6
Bay,Florida,12005,5399,79
Bradford,Florida,12007,753,5
Wheeler,Georgia,13309,149,6
Webster,Georgia,13307,38,2
Warren,Georgia,13301,120,5
Wayne,Georgia,13305,967,25
Washington,Georgia,13303,617,4
Wilkinson,Georgia,13319,291,17
Whitfield,Georgia,13313,4002,53
White,Georgia,13311,529,13
Wilkes,Georgia,13317,225,3
Wilcox,Georgia,13315,224,20
Monroe,Ohio,39111,104,18
Montgomery,Ohio,39113,6092,133
Muskogee,Oklahoma,40101,1327,16
Morgan,Ohio,39115,44,0
Renville,Minnesota,27129,84,6
St. Lawrence,New York,36089,275,4
Nowata,Oklahoma,40105,100,1
Rockland,New York,36087,14271,508
Noble,Oklahoma,40103,107,2
Redwood,Minnesota,27127,66,0
Oklahoma,Oklahoma,40109,13566,154
Rensselaer,New York,36083,841,41
Okfuskee,Oklahoma,40107,103,3
Cameron,Texas,48061,21219,767
Pope,Minnesota,27121,64,0
Red Lake,Minnesota,27125,29,0
Ramsey,Minnesota,27123,9243,298
Morrow,Ohio,39117,233,2
Castro,Texas,48069,229,4
Muskingum,Ohio,39119,301,2
Cass,Texas,48067,260,12
Carson,Texas,48065,17,0
Camp,Texas,48063,296,8
Orange,New York,36071,11460,409
Marion,Ohio,39101,3006,46
Callahan,Texas,48059,70,3
Medina,Ohio,39103,1219,38
Putnam,New York,36079,1505,63
Scott,Minnesota,27139,2021,32
St. Louis,Minnesota,27137,902,23
Otsego,New York,36077,179,4
Oswego,New York,36075,304,3
Orleans,New York,36073,306,55
Rice,Minnesota,27131,1199,8
Roseau,Minnesota,27135,74,0
Rock,Minnesota,27133,107,0
Calhoun,Texas,48057,607,7
Meigs,Ohio,39105,127,3
Caldwell,Texas,48055,1236,33
Mercer,Ohio,39107,833,17
Burnet,Texas,48053,670,12
Miami,Ohio,39109,1075,43
Burleson,Texas,48051,292,6
Okeechobee,Florida,12093,1248,15
Orange,Florida,12095,36399,377
Osceola,Florida,12097,11260,129
Palm Beach,Florida,12099,42385,1128
Brown,Texas,48049,639,26
Onondaga,New York,36067,3912,179
Norman,Minnesota,27107,46,0
Oneida,New York,36065,2281,120
Nobles,Minnesota,27105,1869,13
Niagara,New York,36063,1626,89
Okaloosa,Florida,12091,4198,77
Olmsted,Minnesota,27109,2045,24
Nicollet,Minnesota,27103,442,15
Ontario,New York,36069,393,28
Murray,Minnesota,27101,144,2
Brooks,Texas,48047,218,16
Briscoe,Texas,48045,12,1
Brewster,Texas,48043,192,2
Brazos,Texas,48041,5197,56
Brazoria,Texas,48039,9419,138
Bowie,Texas,48037,994,71
Montgomery,New York,36057,207,8
Pipestone,Minnesota,27117,187,9
Monroe,New York,36055,5463,257
Pine,Minnesota,27115,157,0
Madison,New York,36053,461,9
Livingston,New York,36051,183,6
Polk,Minnesota,27119,204,4
Pennington,Minnesota,27113,91,1
Nassau,New York,36059,44761,2198
Otter Tail,Minnesota,27111,299,4
Bosque,Texas,48035,222,5
Borden,Texas,48033,0,0
Blanco,Texas,48031,127,5
Lee,Florida,12071,18823,426
Leon,Florida,12073,6474,35
Levy,Florida,12075,921,6
Bexar,Texas,48029,46645,1101
Liberty,Florida,12077,436,7
Bell,Texas,48027,4858,65
Jefferson,New York,36045,150,1
Herkimer,New York,36043,298,10
Hamilton,New York,36041,14,1
Lewis,New York,36049,49,5
Madison,Florida,12079,877,15
Bee,Texas,48025,1614,22
Fairfax city,Virginia,51600,122,7
Baylor,Texas,48023,15,0
Bastrop,Texas,48021,1596,27
Manatee,Florida,12081,10490,260
Bandera,Texas,48019,109,5
Marion,Florida,12083,8582,187
Miami-Dade,Florida,12086,159058,2537
Bailey,Texas,48017,202,4
Martin,Florida,12085,4533,118
Austin,Texas,48015,418,6
Monroe,Florida,12087,1743,16
Fulton,New York,36035,311,28
Franklin,New York,36033,58,1
Essex,New York,36031,139,6
Greene,New York,36039,309,14
Genesee,New York,36037,297,6
Atascosa,Texas,48013,569,27
Falls Church city,Virginia,51610,66,7
Nassau,Florida,12089,1728,20
Armstrong,Texas,48011,11,0
Hendry,Florida,12051,1979,39
Archer,Texas,48009,53,0
Hernando,Florida,12053,2685,85
Aransas,Texas,48007,212,18
Highlands,Florida,12055,1838,67
Angelina,Texas,48005,2250,69
Queen Anne's,Maryland,24035,557,26
Cortland,New York,36023,101,1
St. Mary's,Maryland,24037,1121,55
Columbia,New York,36021,569,47
Somerset,Maryland,24039,196,4
Erie,New York,36029,9947,607
Montgomery,Maryland,24031,20142,821
Dutchess,New York,36027,4868,153
Prince George's,Maryland,24033,26727,793
Delaware,New York,36025,115,4
Hillsborough,Florida,12057,37458,551
Franklin city,Virginia,51620,312,6
Andrews,Texas,48003,368,8
Holmes,Florida,12059,640,5
Anderson,Texas,48001,2520,18
Indian River,Florida,12061,2858,102
Jackson,Florida,12063,2385,66
Jefferson,Florida,12065,502,6
Chautauqua,New York,36013,405,4
Worcester,Maryland,24047,836,24
Cayuga,New York,36011,180,2
Clinton,New York,36019,151,5
Talbot,Maryland,24041,473,4
Chenango,New York,36017,229,6
Washington,Maryland,24043,1321,33
Chemung,New York,36015,205,2
Fredericksburg city,Virginia,51630,482,5
Wicomico,Maryland,24045,1568,47
Lafayette,Florida,12067,1204,10
Lake,Florida,12069,6538,118
Allegheny,Pennsylvania,42003,10376,334
Edwards,Illinois,17047,42,0
Armstrong,Pennsylvania,42005,320,9
Effingham,Illinois,17049,549,1
DuPage,Illinois,17043,14679,534
Adams,Pennsylvania,42001,648,23
Edgar,Illinois,17045,84,0
Camden,Missouri,29029,536,8
Douglas,Illinois,17041,223,5
Beaver,Pennsylvania,42007,1618,96
Bedford,Pennsylvania,42009,170,5
Hempstead,Arkansas,05057,330,3
Deer Lodge,Montana,30023,33,0
Butler,Missouri,29023,379,3
Hot Spring,Arkansas,05059,1719,21
Buchanan,Missouri,29021,1427,10
Fallon,Montana,30025,2,0
Grant,Arkansas,05053,191,1
Callaway,Missouri,29027,338,2
Greene,Arkansas,05055,635,4
Caldwell,Missouri,29025,42,1
Dawson,Montana,30021,47,0
Garland,Arkansas,05051,1434,29
Fergus,Montana,30027,32,0
Flathead,Montana,30029,611,7
Fulton,Illinois,17057,89,0
Gallatin,Illinois,17059,63,2
Ford,Illinois,17053,71,2
Franklin,Illinois,17055,345,1
Fayette,Illinois,17051,172,3
Fulton,Arkansas,05049,71,0
Cascade,Montana,30013,293,5
Carter,Missouri,29035,37,1
Faulkner,Arkansas,05045,1703,9
Carroll,Missouri,29033,112,0
Chouteau,Montana,30015,11,0
Franklin,Arkansas,05047,168,2
Cedar,Missouri,29039,51,0
Desha,Arkansas,05041,243,5
Cass,Missouri,29037,1153,17
Carter,Montana,30011,0,0
Drew,Arkansas,05043,305,5
Cape Girardeau,Missouri,29031,1028,11
Custer,Montana,30017,66,2
Daniels,Montana,30019,3,0
Clay,Illinois,17025,84,0
Clinton,Illinois,17027,740,17
Christian,Illinois,17021,244,6
Clark,Illinois,17023,116,2
Barry,Missouri,29009,358,5
Audrain,Missouri,29007,268,1
Saguache,Colorado,08109,111,2
Routt,Colorado,08107,134,8
Lincoln,Arkansas,05079,1608,13
Rio Grande,Colorado,08105,94,2
Adair,Missouri,29001,241,0
Beaverhead,Montana,30001,70,1
Rio Blanco,Colorado,08103,23,0
Big Horn,Montana,30003,669,16
Pueblo,Colorado,08101,875,34
Lawrence,Arkansas,05075,250,10
Atchison,Missouri,29005,29,0
Lee,Arkansas,05077,1004,11
Andrew,Missouri,29003,125,1
Johnson,Arkansas,05071,765,4
Carbon,Montana,30009,87,0
Lafayette,Arkansas,05073,70,2
Coles,Illinois,17029,986,22
Blaine,Montana,30005,15,0
Broadwater,Montana,30007,16,0
Cumberland,Illinois,17035,140,3
DeKalb,Illinois,17037,1177,36
Cook,Illinois,17031,126992,5069
Crawford,Illinois,17033,80,0
Boone,Missouri,29019,2714,7
Bates,Missouri,29013,77,1
Jackson,Arkansas,05067,184,1
Barton,Missouri,29011,105,0
Jefferson,Arkansas,05069,2112,50
Bollinger,Missouri,29017,130,1
Independence,Arkansas,05063,770,6
Benton,Missouri,29015,155,1
Izard,Arkansas,05065,105,0
Howard,Arkansas,05061,425,5
De Witt,Illinois,17039,44,1
Alexander,Illinois,17003,44,0
Bond,Illinois,17005,154,3
Adams,Illinois,17001,786,9
Chicot,Arkansas,05017,962,11
Clark,Arkansas,05019,236,3
Calhoun,Arkansas,05013,24,0
Carroll,Arkansas,05015,470,7
Bradley,Arkansas,05011,295,6
Boone,Illinois,17007,873,23
Brown,Illinois,17009,20,0
Calhoun,Illinois,17013,26,0
Carroll,Illinois,17015,135,4
Bureau,Illinois,17011,378,9
Boone,Arkansas,05009,369,3
Baxter,Arkansas,05005,139,0
Benton,Arkansas,05007,5394,54
Arkansas,Arkansas,05001,284,3
Ashley,Arkansas,05003,388,7
Cass,Illinois,17017,299,11
Champaign,Illinois,17019,2498,20
Dallas,Arkansas,05039,127,2
Crittenden,Arkansas,05035,1648,34
Cross,Arkansas,05037,280,5
Craighead,Arkansas,05031,1881,15
Crawford,Arkansas,05033,931,9
Columbia,Arkansas,05027,297,15
Conway,Arkansas,05029,210,3
Cleburne,Arkansas,05023,259,7
Hamilton,Texas,48193,102,3
Cleveland,Arkansas,05025,137,4
Hall,Texas,48191,16,1
Clay,Arkansas,05021,182,5
Hardin,Texas,48199,1254,20
Hardeman,Texas,48197,22,0
Hansford,Texas,48195,102,3
McLean,Kentucky,21149,57,0
McCreary,Kentucky,21147,102,0
McCracken,Kentucky,21145,516,6
Mifflin,Pennsylvania,42087,161,1
Lyon,Kentucky,21143,40,4
Monroe,Pennsylvania,42089,1716,127
Logan,Kentucky,21141,444,26
McKean,Pennsylvania,42083,40,2
Mercer,Pennsylvania,42085,549,13
Lycoming,Pennsylvania,42081,526,23
Luzerne,Pennsylvania,42079,3788,188
Martin,Kentucky,21159,58,1
Marshall,Kentucky,21157,193,2
Lebanon,Pennsylvania,42075,1736,57
Marion,Kentucky,21155,177,4
Lehigh,Pennsylvania,42077,5212,343
Magoffin,Kentucky,21153,67,0
Silver Bow,Montana,30093,115,0
Stillwater,Montana,30095,38,2
Sheridan,Montana,30091,5,0
Sweet Grass,Montana,30097,19,1
Teton,Montana,30099,18,0
Lancaster,Pennsylvania,42071,6789,432
Madison,Kentucky,21151,1085,3
Lawrence,Pennsylvania,42073,464,18
Lawrence,Kentucky,21127,44,0
Lackawanna,Pennsylvania,42069,2093,214
Laurel,Kentucky,21125,584,5
Larue,Kentucky,21123,104,1
Jefferson,Pennsylvania,42065,97,1
Knox,Kentucky,21121,361,9
Juniata,Pennsylvania,42067,151,6
Ravalli,Montana,30081,110,2
Richland,Montana,30083,58,2
Lee,Kentucky,21129,12,0
Howard,Missouri,29089,125,0
Sanders,Montana,30089,37,0
Holt,Missouri,29087,64,0
Roosevelt,Montana,30085,43,1
Rosebud,Montana,30087,266,2
Huntingdon,Pennsylvania,42061,370,5
Harrison,Missouri,29081,73,1
Indiana,Pennsylvania,42063,430,10
Hickory,Missouri,29085,64,0
Henry,Missouri,29083,116,3
Fulton,Pennsylvania,42057,34,2
Lincoln,Kentucky,21137,141,9
Greene,Pennsylvania,42059,140,1
Lewis,Kentucky,21135,167,10
Forest,Pennsylvania,42053,14,0
Letcher,Kentucky,21133,73,2
Franklin,Pennsylvania,42055,1525,47
Leslie,Kentucky,21131,40,0
Phillips,Montana,30071,112,0
Pondera,Montana,30073,16,0
Livingston,Kentucky,21139,48,1
Prairie,Montana,30079,1,0
Jefferson,Missouri,29099,2857,46
Powder River,Montana,30075,2,0
Powell,Montana,30077,10,0
Iron,Missouri,29093,50,0
Fayette,Pennsylvania,42051,694,6
Howell,Missouri,29091,274,3
Jasper,Missouri,29097,1640,15
Jackson,Missouri,29095,5606,78
Hickman,Kentucky,21105,68,0
Elk,Pennsylvania,42047,64,2
Henry,Kentucky,21103,162,2
Erie,Pennsylvania,42049,1358,35
Henderson,Kentucky,21101,465,4
Dauphin,Pennsylvania,42043,3355,163
Johnson,Illinois,17087,117,0
Delaware,Pennsylvania,42045,10472,773
Kane,Illinois,17089,11326,313
Jersey,Illinois,17083,278,6
Jo Daviess,Illinois,17085,177,2
Mineral,Montana,30061,2,0
Jackson,Kentucky,21109,243,15
Hopkins,Kentucky,21107,519,37
Jefferson,Illinois,17081,462,34
Park,Montana,30067,64,0
Douglas,Missouri,29067,112,2
Yuma,Colorado,08125,63,0
Dent,Missouri,29065,39,0
Petroleum,Montana,30069,0,0
Weld,Colorado,08123,4085,146
Montgomery,Arkansas,05097,104,3
Missoula,Montana,30063,436,3
Washington,Colorado,08121,53,0
Nevada,Arkansas,05099,162,12
Dunklin,Missouri,29069,517,4
Musselshell,Montana,30065,13,0
Mississippi,Arkansas,05093,1352,22
Monroe,Arkansas,05095,95,0
Cumberland,Pennsylvania,42041,1546,72
DeKalb,Missouri,29063,67,1
Miller,Arkansas,05091,612,9
Daviess,Missouri,29061,26,0
Clinton,Pennsylvania,42035,137,5
Johnson,Kentucky,21115,124,1
Columbia,Pennsylvania,42037,675,35
Jessamine,Kentucky,21113,465,0
Lake,Illinois,17097,14649,467
Clarion,Pennsylvania,42031,98,3
Jefferson,Kentucky,21111,12612,282
LaSalle,Illinois,17099,1273,48
Clearfield,Pennsylvania,42033,228,1
Kendall,Illinois,17093,1693,25
Knox,Illinois,17095,459,3
Liberty,Montana,30051,6,0
Crawford,Pennsylvania,42039,217,2
Knott,Kentucky,21119,89,1
Kankakee,Illinois,17091,2303,71
Kenton,Kentucky,21117,1720,43
Teller,Colorado,08119,162,3
Madison,Montana,30057,93,1
Grundy,Missouri,29079,52,1
Summit,Colorado,08117,364,4
Marion,Arkansas,05089,46,0
Greene,Missouri,29077,3451,35
Meagher,Montana,30059,4,0
Sedgwick,Colorado,08115,12,1
Lincoln,Montana,30053,89,2
San Miguel,Colorado,08113,93,0
Lonoke,Arkansas,05085,728,4
McCone,Montana,30055,14,0
Madison,Arkansas,05087,296,2
San Juan,Colorado,08111,6,0
Franklin,Missouri,29071,1040,22
Little River,Arkansas,05081,284,15
Logan,Arkansas,05083,365,1
Gentry,Missouri,29075,94,9
Gasconade,Missouri,29073,93,3
Carbon,Pennsylvania,42025,423,28
Hardin,Illinois,17069,19,0
Centre,Pennsylvania,42027,491,11
Cambria,Pennsylvania,42021,467,5
Hamilton,Illinois,17065,45,0
Cameron,Pennsylvania,42023,8,0
Hancock,Illinois,17067,140,2
Greene,Illinois,17061,115,1
Grundy,Illinois,17063,483,5
Chester,Pennsylvania,42029,5719,357
Clark,Missouri,29045,44,0
Judith Basin,Montana,30045,6,0
Christian,Missouri,29043,728,2
Lake,Montana,30047,203,1
Clinton,Missouri,29049,129,0
Hill,Montana,30041,88,2
Clay,Missouri,29047,1403,37
Jefferson,Montana,30043,39,0
Lewis and Clark,Montana,30049,197,2
Chariton,Missouri,29041,29,0
Blair,Pennsylvania,42013,465,11
Jasper,Illinois,17079,132,7
Bradford,Pennsylvania,42015,99,3
Iroquois,Illinois,17075,306,19
Jackson,Illinois,17077,951,22
Berks,Pennsylvania,42011,6095,382
Henderson,Illinois,17071,45,0
Henry,Illinois,17073,468,1
Bucks,Pennsylvania,42017,7824,586
Butler,Pennsylvania,42019,789,18
Glacier,Montana,30035,135,1
Dade,Missouri,29057,30,0
Crawford,Missouri,29055,193,1
Golden Valley,Montana,30037,3,0
Gallatin,Montana,30031,1095,3
Dallas,Missouri,29059,108,1
Garfield,Montana,30033,13,0
Cooper,Missouri,29053,239,1
Granite,Montana,30039,20,0
Cole,Missouri,29051,863,8
Culberson,Texas,48109,29,2
Crosby,Texas,48107,81,1
Richland,South Carolina,45079,11363,196
Crockett,Texas,48105,162,6
Crane,Texas,48103,71,2
Yates,New York,36123,62,6
Wyoming,New York,36121,126,5
Richmond city,Virginia,51760,3920,49
Orangeburg,South Carolina,45075,2837,101
Cottle,Texas,48101,18,2
Pickens,South Carolina,45077,2212,35
Newberry,South Carolina,45071,972,15
Oconee,South Carolina,45073,1082,19
Marion,South Carolina,45067,718,17
Marlboro,South Carolina,45069,726,5
Ulster,New York,36111,2176,82
Westchester,New York,36119,37020,1452
Wayne,New York,36117,280,3
Washington,New York,36115,268,14
Roanoke city,Virginia,51770,1201,15
Warren,New York,36113,322,30
Salem city,Virginia,51775,210,4
Lexington,South Carolina,45063,5818,139
McCormick,South Carolina,45065,161,5
Lee,South Carolina,45061,652,32
Lancaster,South Carolina,45057,1676,40
Greenup,Kentucky,21089,210,2
Laurens,South Carolina,45059,1499,54
Walton,Florida,12131,1662,20
Green,Kentucky,21087,175,8
Steuben,New York,36101,315,39
Tompkins,New York,36109,270,0
Tioga,New York,36107,209,21
Sullivan,New York,36105,1530,37
Suffolk,New York,36103,44885,2002
Jasper,South Carolina,45053,687,18
Grayson,Kentucky,21085,261,12
Washington,Florida,12133,1009,16
Kershaw,South Carolina,45055,1626,29
Graves,Kentucky,21083,648,29
Grant,Kentucky,21081,139,6
Horry,South Carolina,45051,9404,186
Hampton,South Carolina,45049,547,23
Greenville,South Carolina,45045,12175,259
Hart,Kentucky,21099,148,1
Greenwood,South Carolina,45047,1863,47
Staunton city,Virginia,51790,173,0
Harrison,Kentucky,21097,155,0
Florence,South Carolina,45041,4318,153
Harlan,Kentucky,21095,306,8
Georgetown,South Carolina,45043,1742,37
Hardin,Kentucky,21093,939,9
Hancock,Kentucky,21091,59,0
Fairfield,South Carolina,45039,645,29
Fleming,Kentucky,21069,73,0
Dorchester,South Carolina,45035,3641,77
Fayette,Kentucky,21067,5793,58
Edgefield,South Carolina,45037,494,13
Estill,Kentucky,21065,45,0
Sumter,Florida,12119,1881,53
Otero,Colorado,08089,82,6
Darlington,South Carolina,45031,1661,46
Morgan,Colorado,08087,716,48
St. Lucie,Florida,12111,7120,236
Elliott,Kentucky,21063,25,0
Dillon,South Carolina,45033,768,28
Santa Rosa,Florida,12113,4714,57
Montrose,Colorado,08085,344,13
Edmonson,Kentucky,21061,133,12
Sarasota,Florida,12115,7239,204
Montezuma,Colorado,08083,126,5
Seminole,Florida,12117,8173,173
Moffat,Colorado,08081,34,1
Clarendon,South Carolina,45027,984,63
Colleton,South Carolina,45029,893,39
Garrard,Kentucky,21079,128,2
Chester,South Carolina,45023,889,18
Suwannee,Florida,12121,2455,60
Gallatin,Kentucky,21077,95,8
Chesterfield,South Carolina,45025,1006,27
Mineral,Colorado,08079,19,0
Mesa,Colorado,08077,416,5
Logan,Colorado,08075,691,5
Taylor,Florida,12123,1208,9
Fulton,Kentucky,21075,120,2
Franklin,Kentucky,21073,481,11
Lincoln,Colorado,08073,8,0
Union,Florida,12125,603,5
Cherokee,South Carolina,45021,793,32
Volusia,Florida,12127,9417,190
Floyd,Kentucky,21071,148,2
Las Animas,Colorado,08071,20,0
Wakulla,Florida,12129,896,7
Calhoun,South Carolina,45017,417,15
Clark,Kentucky,21049,255,8
Charleston,South Carolina,45019,14105,239
Christian,Kentucky,21047,894,14
Beaufort,South Carolina,45013,4791,68
Casey,Kentucky,21045,252,16
Berkeley,South Carolina,45015,4850,81
Carter,Kentucky,21043,120,3
Carroll,Kentucky,21041,192,4
Barnwell,South Carolina,45011,538,14
Allendale,South Carolina,45005,296,6
Daviess,Kentucky,21059,994,13
Anderson,South Carolina,45007,3203,121
Cumberland,Kentucky,21057,90,0
Abbeville,South Carolina,45001,434,10
Crittenden,Kentucky,21055,60,1
Aiken,South Carolina,45003,2369,64
Bamberg,South Carolina,45009,543,28
St. Johns,Florida,12109,4389,59
Prowers,Colorado,08099,85,0
Pasco,Florida,12101,8135,180
Pitkin,Colorado,08097,198,2
Clinton,Kentucky,21053,71,1
Pinellas,Florida,12103,20026,663
Phillips,Colorado,08095,19,0
Clay,Kentucky,21051,221,6
Polk,Florida,12105,17159,447
Park,Colorado,08093,43,1
Putnam,Florida,12107,1790,38
Ouray,Colorado,08091,25,1
Grayson,Texas,48181,1512,27
Hale,Texas,48189,1644,45
Guadalupe,Texas,48187,1901,72
Grimes,Texas,48185,986,30
Gregg,Texas,48183,2001,48
Gillespie,Texas,48171,200,6
Gray,Texas,48179,243,4
Gonzales,Texas,48177,817,13
Goliad,Texas,48175,121,6
Glasscock,Texas,48173,6,0
Garza,Texas,48169,102,3
Galveston,Texas,48167,10613,140
Newport News city,Virginia,51700,2335,27
Gaines,Texas,48165,251,7
Frio,Texas,48163,638,7
Freestone,Texas,48161,385,1
Franklin,Texas,48159,111,6
Fort Bend,Texas,48157,14983,239
Norfolk city,Virginia,51710,4406,55
Foard,Texas,48155,3,0
Floyd,Texas,48153,99,7
Fisher,Texas,48151,59,1
Fayette,Texas,48149,374,16
Fannin,Texas,48147,593,12
Falls,Texas,48145,168,3
Norton city,Virginia,51720,26,0
Erath,Texas,48143,693,9
El Paso,Texas,48141,20539,433
Ellis,Texas,48139,3801,56
Edwards,Texas,48137,34,1
Ector,Texas,48135,4289,71
Petersburg city,Virginia,51730,633,22
Eastland,Texas,48133,114,3
Poquoson city,Virginia,51735,68,0
Duval,Texas,48131,322,10
Donley,Texas,48129,55,1
Dimmit,Texas,48127,181,6
Dickens,Texas,48125,34,1
York,South Carolina,45091,4302,47
Portsmouth city,Virginia,51740,2234,36
DeWitt,Texas,48123,850,25
Denton,Texas,48121,10239,132
Delta,Texas,48119,17,0
Deaf Smith,Texas,48117,955,20
Williamsburg,South Carolina,45089,1202,39
Dawson,Texas,48115,224,8
Radford city,Virginia,51750,467,0
Dallas,Texas,48113,75268,959
Sumter,South Carolina,45085,2865,65
Union,South Carolina,45087,460,7
Dallam,Texas,48111,209,7
Saluda,South Carolina,45081,572,14
Spartanburg,South Carolina,45083,5047,157
Sangamon,Illinois,17167,1846,40
Warren,Pennsylvania,42123,28,1
Washington,Pennsylvania,42125,1066,27
Schuyler,Illinois,17169,23,0
St. Clair,Illinois,17163,5935,175
Venango,Pennsylvania,42121,70,1
Saline,Illinois,17165,164,3
Rock Island,Illinois,17161,2266,63
Wayne,Pennsylvania,42127,178,10
Greensville,Virginia,51081,711,11
Westmoreland,Pennsylvania,42129,1819,49
Halifax,Virginia,51083,212,2
Hanover,Virginia,51085,810,35
Newton,Missouri,29145,1094,13
Henrico,Virginia,51087,4651,193
New Madrid,Missouri,29143,413,4
Henry,Virginia,51089,849,16
Oregon,Missouri,29149,49,0
Nodaway,Missouri,29147,426,1
Morgan,Missouri,29141,121,0
Tazewell,Illinois,17179,1109,10
Sullivan,Pennsylvania,42113,10,0
Traill,North Dakota,38097,70,0
Walsh,North Dakota,38099,144,1
Susquehanna,Pennsylvania,42115,269,27
Stark,Illinois,17175,24,0
Stephenson,Illinois,17177,381,6
Somerset,Pennsylvania,42111,167,3
Scott,Illinois,17171,46,0
Shelby,Illinois,17173,210,3
Steele,North Dakota,38091,19,0
Tioga,Pennsylvania,42117,49,3
Stutsman,North Dakota,38093,213,3
Highland,Virginia,51091,6,0
Isle of Wight,Virginia,51093,560,11
Union,Pennsylvania,42119,386,6
Towner,North Dakota,38095,9,0
James City,Virginia,51095,746,18
Pemiscot,Missouri,29155,340,9
King and Queen,Virginia,51097,49,1
Ozark,Missouri,29153,26,0
King George,Virginia,51099,202,4
Pettis,Missouri,29159,802,9
Perry,Missouri,29157,395,4
Osage,Missouri,29151,82,1
Philadelphia,Pennsylvania,42101,33909,1768
Sioux,North Dakota,38085,121,2
Perry,Illinois,17145,294,9
Pike,Pennsylvania,42103,543,21
Piatt,Illinois,17147,80,0
Slope,North Dakota,38087,7,0
Stark,North Dakota,38089,740,6
Ogle,Illinois,17141,504,5
Peoria,Illinois,17143,2414,40
Snyder,Pennsylvania,42109,166,2
Mercer,Missouri,29129,20,0
Potter,Pennsylvania,42105,25,0
Sargent,North Dakota,38081,16,0
Schuylkill,Pennsylvania,42107,992,51
Sheridan,North Dakota,38083,9,0
Madison,Missouri,29123,147,0
Luce,Michigan,26095,121,0
Macon,Missouri,29121,80,0
Mackinac,Michigan,26097,37,0
Marion,Missouri,29127,483,3
Macomb,Michigan,26099,13126,974
Maries,Missouri,29125,46,0
Pike,Illinois,17149,73,0
Lenawee,Michigan,26091,1330,17
Livingston,Michigan,26093,1174,30
Randolph,Illinois,17157,748,7
Renville,North Dakota,38075,11,0
Richland,Illinois,17159,65,3
Richland,North Dakota,38077,134,1
Pulaski,Illinois,17153,125,1
Rolette,North Dakota,38079,120,2
Putnam,Illinois,17155,20,0
Montgomery,Missouri,29139,56,1
Pope,Illinois,17151,19,1
Ramsey,North Dakota,38071,122,2
Ransom,North Dakota,38073,41,0
Yellowstone,Montana,30111,2094,43
Mississippi,Missouri,29133,236,0
Miller,Missouri,29131,252,1
Monroe,Missouri,29137,70,0
Moniteau,Missouri,29135,191,3
Marshall,Illinois,17123,53,0
Nelson,North Dakota,38063,31,0
Oliver,North Dakota,38065,10,0
Mason,Illinois,17125,87,1
Pembina,North Dakota,38067,35,0
Pierce,North Dakota,38069,25,0
Marion,Illinois,17121,278,0
Lawrence,Missouri,29109,356,2
Lafayette,Missouri,29107,245,2
Stone,Arkansas,05137,196,3
Mountrail,North Dakota,38061,173,1
Union,Arkansas,05139,692,20
Johnson,Missouri,29101,597,3
Toole,Montana,30101,50,6
Sevier,Arkansas,05133,1159,12
Isabella,Michigan,26073,507,9
Treasure,Montana,30103,3,0
Jackson,Michigan,26075,2570,62
Sharp,Arkansas,05135,149,5
Laclede,Missouri,29105,301,1
Kalamazoo,Michigan,26077,1965,88
Knox,Missouri,29103,38,0
Sebastian,Arkansas,05131,2900,34
Kalkaska,Michigan,26079,66,4
Wibaux,Montana,30109,5,0
Massac,Illinois,17127,65,1
Valley,Montana,30105,46,0
Menard,Illinois,17129,70,0
Wheatland,Montana,30107,3,0
Iron,Michigan,26071,35,1
Montgomery,Illinois,17135,251,7
McKenzie,North Dakota,38053,123,2
Morgan,Illinois,17137,500,20
McLean,North Dakota,38055,169,1
Mercer,Illinois,17131,103,5
Mercer,North Dakota,38057,38,0
Morton,North Dakota,38059,653,6
Monroe,Illinois,17133,461,14
McDonald,Missouri,29119,1050,11
Livingston,Missouri,29117,74,1
Scott,Arkansas,05127,86,0
Searcy,Arkansas,05129,101,0
McIntosh,North Dakota,38051,44,3
St. Francis,Arkansas,05123,1348,4
Lake,Michigan,26085,29,0
Lewis,Missouri,29111,60,2
Saline,Arkansas,05125,1591,13
Lapeer,Michigan,26087,843,42
Leelanau,Michigan,26089,92,1
Linn,Missouri,29115,49,1
Randolph,Arkansas,05121,311,12
Lincoln,Missouri,29113,574,1
Kent,Michigan,26081,8537,168
Moultrie,Illinois,17139,162,2
Fairbanks North Star Borough,Alaska,02090,689,8
Keweenaw,Michigan,26083,2,0
Lawrence,Illinois,17101,136,0
Hettinger,North Dakota,38041,25,0
Lee,Illinois,17103,243,1
Kidder,North Dakota,38043,33,0
LaMoure,North Dakota,38045,20,0
Logan,North Dakota,38047,11,0
Hillsdale,Michigan,26059,304,26
Gladwin,Michigan,26051,79,2
Gogebic,Michigan,26053,144,1
Grand Traverse,Michigan,26055,360,7
Gratiot,Michigan,26057,195,15
McHenry,North Dakota,38049,41,1
McDonough,Illinois,17109,215,15
Livingston,Illinois,17105,199,4
Logan,Illinois,17107,265,1
McLean,Illinois,17113,1869,16
Foster,North Dakota,38031,33,0
Macon,Illinois,17115,988,27
Golden Valley,North Dakota,38033,34,0
Grand Forks,North Dakota,38035,1512,11
McHenry,Illinois,17111,3938,117
Grant,North Dakota,38037,9,0
Yell,Arkansas,05149,1166,23
White,Arkansas,05145,533,11
Huron,Michigan,26063,203,4
Ingham,Michigan,26065,1796,40
Woodruff,Arkansas,05147,27,0
Van Buren,Arkansas,05141,120,2
Ionia,Michigan,26067,304,7
Washington,Arkansas,05143,6921,68
Iosco,Michigan,26069,143,12
Griggs,North Dakota,38039,38,1
Macoupin,Illinois,17117,352,4
Houghton,Michigan,26061,80,1
Madison,Illinois,17119,4102,100
Accomack,Virginia,51001,1148,19
Albemarle,Virginia,51003,1042,18
Alleghany,Virginia,51005,65,4
Amelia,Virginia,51007,100,3
Amherst,Virginia,51009,298,1
Appomattox,Virginia,51011,172,1
Arlington,Virginia,51013,3560,140
Augusta,Virginia,51015,369,4
Bath,Virginia,51017,4,0
Bedford,Virginia,51019,551,9
Bland,Virginia,51021,47,0
Botetourt,Virginia,51023,250,10
Brunswick,Virginia,51025,295,2
Buchanan,Virginia,51027,99,1
Buckingham,Virginia,51029,648,8
Yakutat plus Hoonah-Angoon,Alaska,02998,22,0
Bristol Bay plus Lake and Peninsula,Alaska,02997,76,0
Campbell,Virginia,51031,329,3
Caroline,Virginia,51033,264,5
Charles City,Virginia,51036,69,5
Carroll,Virginia,51035,410,19
Charlotte,Virginia,51037,74,0
Union,Kentucky,21225,113,1
Trimble,Kentucky,21223,46,0
Trigg,Kentucky,21221,90,0
Washington,Kentucky,21229,125,1
Warren,Kentucky,21227,3363,27
St. Louis,Missouri,29189,19665,738
Chesterfield,Virginia,51041,5106,83
St. Francois,Missouri,29187,1135,5
Clarke,Virginia,51043,81,0
Ste. Genevieve,Missouri,29186,112,1
Craig,Virginia,51045,21,0
Culpeper,Virginia,51047,1122,13
Ripley,Missouri,29181,91,0
Cumberland,Virginia,51049,99,0
St. Clair,Missouri,29185,27,0
St. Charles,Missouri,29183,5843,112
Wolfe,Kentucky,21237,27,0
Whitley,Kentucky,21235,203,2
Webster,Kentucky,21233,120,2
Wayne,Kentucky,21231,97,0
Woodford,Kentucky,21239,213,0
Scotland,Missouri,29199,18,1
Dickenson,Virginia,51051,67,1
Dinwiddie,Virginia,51053,296,8
Schuyler,Missouri,29197,18,0
Essex,Virginia,51057,130,2
Fairfax,Virginia,51059,18508,560
Saline,Missouri,29195,547,7
Washington,Illinois,17189,115,1
Rockcastle,Kentucky,21203,123,0
Robertson,Kentucky,21201,6,0
Wabash,Illinois,17185,108,1
Warren,Illinois,17187,258,1
Union,Illinois,17181,432,24
Vermilion,Illinois,17183,344,4
Scott,Kentucky,21209,587,5
Russell,Kentucky,21207,195,6
Fauquier,Virginia,51061,770,9
Rowan,Kentucky,21205,167,0
Polk,Missouri,29167,347,1
Floyd,Virginia,51063,152,2
Fluvanna,Virginia,51065,226,9
Platte,Missouri,29165,508,11
Franklin,Virginia,51067,216,1
Pulaski,Missouri,29169,389,2
Frederick,Virginia,51069,766,11
Pike,Missouri,29163,145,2
Phelps,Missouri,29161,212,0
Spencer,Kentucky,21215,169,0
Simpson,Kentucky,21213,225,7
Shelby,Kentucky,21211,909,23
Will,Illinois,17197,11692,362
Wyoming,Pennsylvania,42131,67,8
Williamson,Illinois,17199,927,13
York,Pennsylvania,42133,3442,123
White,Illinois,17193,125,0
Whiteside,Illinois,17195,541,19
Todd,Kentucky,21219,146,0
Taylor,Kentucky,21217,207,5
Giles,Virginia,51071,47,0
Wayne,Illinois,17191,112,2
Gloucester,Virginia,51073,204,2
Ray,Missouri,29177,124,0
Goochland,Virginia,51075,222,7
Randolph,Missouri,29175,128,1
Grayson,Virginia,51077,199,7
Greene,Virginia,51079,199,3
Reynolds,Missouri,29179,22,0
Ralls,Missouri,29173,115,0
Putnam,Missouri,29171,24,1
Hudspeth,Texas,48229,39,2
Howard,Texas,48227,281,8
Houston,Texas,48225,341,9
Hopkins,Texas,48223,246,7
Hood,Texas,48221,779,22
Hockley,Texas,48219,269,5
Hill,Texas,48217,369,9
Hidalgo,Texas,48215,27610,1185
Henderson,Texas,48213,825,16
Hemphill,Texas,48211,58,0
Hays,Texas,48209,5410,56
Haskell,Texas,48207,54,2
Hartley,Texas,48205,102,2
Harrison,Texas,48203,806,35
Harris,Texas,48201,107490,2208
Owsley,Kentucky,21189,34,0
Owen,Kentucky,21187,80,1
Oldham,Kentucky,21185,838,23
Ohio,Kentucky,21183,419,9
Nicholas,Kentucky,21181,23,1
Pulaski,Kentucky,21199,564,7
Powell,Kentucky,21197,75,0
Pike,Kentucky,21195,318,3
Perry,Kentucky,21193,289,7
Pendleton,Kentucky,21191,64,0
Metcalfe,Kentucky,21169,86,2
Mercer,Kentucky,21167,122,1
Menifee,Kentucky,21165,34,0
Meade,Kentucky,21163,150,3
Mason,Kentucky,21161,97,2
Nelson,Kentucky,21179,385,2
Northumberland,Pennsylvania,42097,692,35
Muhlenberg,Kentucky,21177,683,11
Perry,Pennsylvania,42099,176,5
Morgan,Kentucky,21175,47,0
Montour,Pennsylvania,42093,133,5
Montgomery,Kentucky,21173,199,1
Northampton,Pennsylvania,42095,4120,301
Monroe,Kentucky,21171,144,3
Montgomery,Pennsylvania,42091,11093,863
Dickey,North Dakota,38021,27,0
Divide,North Dakota,38023,5,0
Dunn,North Dakota,38025,49,0
Clinton,Michigan,26037,499,13
Crawford,Michigan,26039,113,5
Denali Borough,Alaska,02068,5,0
Cheboygan,Michigan,26031,80,2
Chippewa,Michigan,26033,59,0
Clare,Michigan,26035,101,4
Eddy,North Dakota,38027,33,0
Emmons,North Dakota,38029,27,1
Suffolk city,Virginia,51800,1660,61
Bowman,North Dakota,38011,16,0
Burke,North Dakota,38013,24,1
Burleigh,North Dakota,38015,2038,17
Genesee,Michigan,26049,3980,305
Liberty,Texas,48291,1829,43
Delta,Michigan,26041,160,3
Dickinson,Michigan,26043,65,2
Bethel Census Area,Alaska,02050,64,1
Eaton,Michigan,26045,518,9
Emmet,Michigan,26047,127,3
Llano,Texas,48299,101,1
Cass,North Dakota,38017,3554,76
Virginia Beach city,Virginia,51810,6049,69
Live Oak,Texas,48297,330,6
Cavalier,North Dakota,38019,34,0
Lipscomb,Texas,48295,25,0
Limestone,Texas,48293,459,8
Adams,North Dakota,38001,4,0
Barnes,North Dakota,38003,114,0
Pulaski,Arkansas,05119,7121,109
Barry,Michigan,26015,216,2
Bay,Michigan,26017,831,41
Pope,Arkansas,05115,1776,16
Benzie,Michigan,26019,47,2
Prairie,Arkansas,05117,115,0
Poinsett,Arkansas,05111,489,6
Lampasas,Texas,48281,154,6
Polk,Arkansas,05113,225,3
Arenac,Michigan,26011,59,3
Baraga,Michigan,26013,8,0
Benson,North Dakota,38005,233,4
Leon,Texas,48289,192,5
Billings,North Dakota,38007,4,0
Waynesboro city,Virginia,51820,216,3
Lee,Texas,48287,196,14
Bottineau,North Dakota,38009,28,0
Lavaca,Texas,48285,687,31
La Salle,Texas,48283,365,4
Lamb,Texas,48279,287,19
Pike,Arkansas,05109,177,1
Cass,Michigan,26027,417,16
Charlevoix,Michigan,26029,79,3
Perry,Arkansas,05105,63,1
Phillips,Arkansas,05107,407,10
Newton,Arkansas,05101,120,15
Berrien,Michigan,26021,1691,70
Ouachita,Arkansas,05103,158,4
Branch,Michigan,26023,1306,26
Calhoun,Michigan,26025,1004,44
Williamsburg city,Virginia,51830,155,6
Lamar,Texas,48277,791,26
Knox,Texas,48275,67,8
Kleberg,Texas,48273,642,26
Dillingham Census Area,Alaska,02070,26,0
Kinney,Texas,48271,22,1
King,Texas,48269,0,0
Anchorage,Alaska,02020,3156,23
Winchester city,Virginia,51840,446,4
Kimble,Texas,48267,16,1
Kerr,Texas,48265,438,9
Kent,Texas,48263,7,0
Kenedy,Texas,48261,7,1
Kendall,Texas,48259,197,5
Kaufman,Texas,48257,2817,38
Allegan,Michigan,26005,644,6
Aleutians West Census Area,Alaska,02016,92,0
Alpena,Michigan,26007,133,14
Aleutians East Borough,Alaska,02013,4,0
Antrim,Michigan,26009,60,0
Alcona,Michigan,26001,36,2
Alger,Michigan,26003,17,0
Karnes,Texas,48255,746,12
Jones,Texas,48253,598,0
Johnson,Texas,48251,2533,45
Jim Wells,Texas,48249,1044,24
Jim Hogg,Texas,48247,79,2
Jefferson,Texas,48245,6642,107
Jeff Davis,Texas,48243,8,0
Jasper,Texas,48241,406,18
Jackson,Texas,48239,502,14
Jack,Texas,48237,126,1
Irion,Texas,48235,10,0
Hutchinson,Texas,48233,148,3
Hunt,Texas,48231,1429,29
